RES_NUM,AMINO_ACID,A,C,D,E,F,G,H,I,K,L,M,N,P,Q,R,S,T,V,W,Y
1,A,1.0,0.0,0.0,0.0,0.0,0.0,0.0,0.0,0.0,0.0,0.0,0.0,0.0,0.0,0.0,0.0,0.0,0.0,0.0,0.0
2,N,0.2549999952316284,0.0,0.0,0.0,0.0,0.0,0.0,0.0,0.0,0.0,0.0,0.7450000047683716,0.0,0.0,0.0,0.0,0.0,0.0,0.0,0.0
3,K,0.0,0.0,0.2392502725124359,0.2998897433280945,0.0,0.0,0.0,0.0,0.29217198491096497,0.0,0.0,0.0,0.0,0.0,0.0,0.16868798434734344,0.0,0.0,0.0,0.0
4,T,0.057915057986974716,0.0,0.0,0.0,0.0,0.0,0.0,0.1853281855583191,0.0,0.0,0.0,0.0,0.0,0.0,0.0,0.0,0.28667953610420227,0.4700772166252136,0.0,0.0
5,R,0.0,0.0,0.11984781175851822,0.09765377640724182,0.0,0.0,0.0,0.0,0.14584654569625854,0.0,0.0,0.0,0.0,0.18452759087085724,0.37095752358436584,0.034876346588134766,0.04629042372107506,0.0,0.0,0.0
6,E,0.0,0.0,0.11190053075551987,0.1456483155488968,0.0,0.0,0.03241563215851784,0.0,0.3969804644584656,0.0,0.0,0.0,0.0,0.052397869527339935,0.23046180605888367,0.0,0.030195381492376328,0.0,0.0,0.0
7,L,0.15563037991523743,0.0,0.04863449186086655,0.03778526186943054,0.0,0.005985783878713846,0.11223344504833221,0.012719790451228619,0.14141413569450378,0.2312009036540985,0.0,0.0531238317489624,0.035540591925382614,0.08716797828674316,0.027684248983860016,0.016835017129778862,0.02319491282105446,0.010849232785403728,0.0,0.0
8,C,0.28786981105804443,0.22692307829856873,0.0,0.003254437819123268,0.0,0.0,0.0,0.09585798531770706,0.07781065255403519,0.12603549659252167,0.04201183468103409,0.014497041702270508,0.0,0.0,0.0,0.016863904893398285,0.015976332128047943,0.09289941191673279,0.0,0.0
9,M,0.0,0.0,0.0,0.0,0.005747126415371895,0.0,0.0,0.26011067628860474,0.008939974009990692,0.24584929645061493,0.11792252212762833,0.024265645071864128,0.0,0.0,0.0,0.0,0.0,0.3371647596359253,0.0,0.0
10,K,0.03547016531229019,0.0,0.029927950352430344,0.05302050709724426,0.0,0.0,0.0,0.0,0.41936078667640686,0.008867541328072548,0.004618511069566011,0.04581562802195549,0.0,0.16016995906829834,0.13744688034057617,0.008128579705953598,0.06022538244724274,0.03694808855652809,0.0,0.0
11,S,0.13705506920814514,0.0,0.03605110943317413,0.04517797380685806,0.0,0.007757833693176508,0.010191664099693298,0.0,0.10845755785703659,0.01247338019311428,0.0,0.013690294697880745,0.0,0.04593854397535324,0.013081837445497513,0.5482202768325806,0.02190447226166725,0.0,0.0,0.0
12,L,0.021270640194416046,0.0,0.0,0.010075566358864307,0.0,0.0,0.0,0.03442485257983208,0.0,0.27120065689086914,0.023229779675602913,0.0,0.0,0.11153092980384827,0.0,0.39784494042396545,0.0944584384560585,0.035964176058769226,0.0,0.0
13,E,0.0038648725021630526,0.0,0.004437446128576994,0.09318637102842331,0.0,0.0,0.0,0.05453764647245407,0.04050958901643753,0.004008016083389521,0.0,0.0038648725021630526,0.0,0.031920984387397766,0.013169195502996445,0.004437446128576994,0.005868880543857813,0.011737761087715626,0.7284569144248962,0.0
14,H,0.13457787036895752,0.0,0.08372806012630463,0.07481192797422409,0.0,0.05795486271381378,0.08386737108230591,0.0,0.08916132897138596,0.004318751860409975,0.0,0.09152967482805252,0.010309278033673763,0.04499860852956772,0.10713290423154831,0.15603232383728027,0.030091946944594383,0.004318751860409975,0.0,0.027166342362761497
15,A,0.15762552618980408,0.0,0.03540180251002312,0.06703459471464157,0.0,0.0016152914613485336,0.0017498990055173635,0.12464665621519089,0.2208911031484604,0.01736438274383545,0.0039036208763718605,0.007538026664406061,0.012249293737113476,0.03822856396436691,0.059361960738897324,0.07309193909168243,0.06272715330123901,0.11360882967710495,0.0,0.0029613676015287638
16,K,0.10231245309114456,0.0,0.00981446634978056,0.0,0.03186340257525444,0.0,0.008470018394291401,0.10822802037000656,0.04745899513363838,0.17827372252941132,0.06439903378486633,0.0,0.05028233304619789,0.015595589764416218,0.0,0.011024468578398228,0.09922022372484207,0.13215918838977814,0.13538585603237152,0.005512234289199114
17,V,0.167556032538414,0.021611526608467102,0.0,0.00773746008053422,0.033217716962099075,0.03735325485467911,0.0,0.05602988228201866,0.08017609268426895,0.03201707452535629,0.023745998740196228,0.01040554977953434,0.0,0.021744931116700172,0.06229989230632782,0.0418890081346035,0.036686234176158905,0.13033618032932281,0.153148353099823,0.08404482156038284
18,D,0.13899563252925873,0.0,0.10176228731870651,0.013250297866761684,0.003047568490728736,0.25241819024086,0.0015900357393547893,0.012852788902819157,0.12243275344371796,0.007420166861265898,0.0,0.036968331784009933,0.02199549414217472,0.06532397121191025,0.040678415447473526,0.0787067711353302,0.03564330190420151,0.06558897346258163,0.0,0.001325029763393104
19,T,0.05383717641234398,0.0,0.07119929790496826,0.02961774170398712,0.005690108053386211,0.02100962959229946,0.025240736082196236,0.07455500215291977,0.06696819514036179,0.027575138956308365,0.08053690940141678,0.010358914732933044,0.0,0.028742339462041855,0.01590312272310257,0.11132185906171799,0.20440618693828583,0.15742632746696472,0.007149110082536936,0.008462212048470974
20,S,0.12871427834033966,0.009714285843074322,0.003285714192315936,0.12700000405311584,0.04528571292757988,0.08399999886751175,0.0,0.006142857018858194,0.16357143223285675,0.015571428462862968,0.012714285403490067,0.0,0.00828571431338787,0.008999999612569809,0.01157142873853445,0.12999999523162842,0.08228571712970734,0.010714286006987095,0.12557142972946167,0.026571428403258324
21,N,0.21548785269260406,0.0,0.07104814797639847,0.08159352093935013,0.0,0.0589049868285656,0.022262463346123695,0.013953983783721924,0.1648913472890854,0.015658287331461906,0.004580315202474594,0.07999573647975922,0.053152959793806076,0.04058372229337692,0.01129100937396288,0.03376651182770729,0.02950575202703476,0.09895611554384232,0.0,0.00436727749183774
22,E,0.03758848085999489,0.0007322431192733347,0.2431860715150833,0.04832804575562477,0.0,0.10731429606676102,0.07574648410081863,0.003823936218395829,0.04800260439515114,0.0,0.0,0.22585631906986237,0.0,0.09250671416521072,0.023594500496983528,0.05109429731965065,0.030021967366337776,0.004718900192528963,0.007485151756554842,0.0
23,A,0.08641104400157928,0.024700069800019264,0.024856897071003914,0.015133693814277649,0.005332078784704208,0.011840350925922394,0.0023523876443505287,0.06602367758750916,0.09668312966823578,0.08892025053501129,0.048302359879016876,0.014114325866103172,0.04469536617398262,0.034501686692237854,0.08852818608283997,0.04547949507832527,0.008390182629227638,0.23163177073001862,0.0076060532592237,0.05449698120355606
24,R,0.1223420649766922,0.0,0.08790446817874908,0.17858242988586426,0.0,0.03890600800514221,0.005701078567653894,0.04537750408053398,0.18204930424690247,0.02942989207804203,0.022187981754541397,0.026656394824385643,0.012788905762135983,0.02534668706357479,0.04137134179472923,0.049768876284360886,0.05300462245941162,0.07080123573541641,0.0,0.007781201973557472
25,Q,0.07492991536855698,0.0,0.09477990865707397,0.2139555960893631,0.006742935162037611,0.13826805353164673,0.1175089031457901,0.012197894044220448,0.055837564170360565,0.00992499478161335,0.0013637397205457091,0.06621713936328888,0.007349041756242514,0.08621865510940552,0.008030910976231098,0.028487006202340126,0.0726570188999176,0.005530721973627806,0.0,0.0
26,D,0.05841846391558647,0.027241770178079605,0.06053726747632027,0.006205069832503796,0.08331441879272461,7.567158172605559e-05,0.09852440655231476,0.09648127108812332,0.00809685979038477,0.11169125884771347,0.002194476081058383,0.17502838373184204,7.567158172605559e-05,7.567158172605559e-05,7.567158172605559e-05,0.04631100967526436,0.04956488683819771,0.15421868860721588,0.0015891032526269555,0.020279984921216965
27,G,0.06593157351016998,0.0,0.0,0.10588324069976807,0.0,0.7803035974502563,0.0,0.0,0.0,0.0,0.0,0.0,0.008005437441170216,0.0037006267812103033,0.0,0.01865418069064617,0.0,0.017521334812045097,0.0,0.0
28,I,0.07683055102825165,0.0,0.012028266675770283,0.003157419851049781,0.0,0.07946173846721649,0.02202676236629486,0.07171853631734848,0.05668320506811142,0.1396782398223877,0.034957148134708405,0.017591340467333794,0.046609532088041306,0.08607728034257889,0.052999548614025116,0.04751165211200714,0.04457976296544075,0.20560817420482635,0.0,0.002480830065906048
29,D,0.11940186470746994,0.0009768559830263257,0.22339946031570435,0.232942596077919,0.004057709593325853,0.037270814180374146,0.012398556806147099,0.028028253465890884,0.09332732111215591,0.06687706708908081,0.009543132036924362,0.039675384759902954,0.0,0.03321310505270958,0.028028253465890884,0.030583107843995094,0.011196273379027843,0.029080253094434738,0.0,0.0
30,L,0.1426962912082672,0.005329530220478773,0.0,0.0,0.10704098641872406,0.0,0.0,0.30078065395355225,0.0,0.205299511551857,0.03460441529750824,0.0,0.0,0.0,0.0,0.0043537006713449955,0.04218585789203644,0.15620777010917664,0.0,0.001501276041381061
31,Y,0.0,0.0,0.0,0.0,0.3054826259613037,0.0,0.0007500187493860722,0.0027750693261623383,0.0,0.47116178274154663,0.0360759012401104,0.0,0.0,0.0,0.0,0.0,0.0,0.037350933998823166,0.031200779601931572,0.1152028813958168
32,K,0.13050326704978943,0.010200254619121552,0.006675167009234428,0.040126003324985504,0.031125778332352638,0.09487736970186234,0.04560114070773125,0.08707717806100845,0.10335258394479752,0.10140253603458405,0.022425560280680656,0.0030750769656151533,0.0,0.02640065923333168,0.02640065923333168,0.0387759692966938,0.08655216544866562,0.07342683523893356,0.0,0.07200179994106293
33,H,0.09923607110977173,0.0008238466107286513,0.022019173949956894,0.03737267851829529,0.017525464296340942,0.025089874863624573,0.05272618308663368,0.0,0.1573546975851059,0.02516476996243,0.019248053431510925,0.019472738727927208,0.0,0.008687837049365044,0.37582385540008545,0.042914919555187225,0.04246554896235466,0.0047932895831763744,0.019472738727927208,0.029808267951011658
34,M,0.000897129182703793,0.013382176868617535,0.0,0.0,0.1232057437300682,0.0,0.0,0.1245514377951622,0.0,0.4938696026802063,0.1111692562699318,0.0,0.0007476076716557145,0.0,0.0,0.0,0.004111842252314091,0.11543062329292297,0.0,0.01263456977903843
35,F,0.017865151166915894,0.0,0.0,0.0,0.7738077640533447,0.0,0.0,0.01151143666356802,0.0,0.18029600381851196,0.0013454925501719117,0.0,0.0,0.0,0.0,0.0,0.0,0.012109433300793171,0.0,0.0030647332314401865
36,E,0.08878923952579498,0.0008221225580200553,0.0553811676800251,0.19065770506858826,0.0,0.0,0.009790732525289059,0.04932735487818718,0.20104633271694183,0.014275037683546543,0.0016442451160401106,0.07929746061563492,0.0,0.01995515637099743,0.010164424777030945,0.0366218239068985,0.14327354729175568,0.09603886306285858,0.001718983519822359,0.0011958146933466196
37,N,0.23403778672218323,0.0021656337194144726,0.09887237846851349,0.04062429815530777,0.0010454782750457525,0.02598760277032852,0.04779329523444176,0.050406988710165024,0.05854678526520729,0.0460757240653038,0.025614218786358833,0.08266746252775192,0.000597416190430522,0.02882532961666584,0.02755582146346569,0.05025763437151909,0.034575462341308594,0.13792845606803894,0.0,0.00642222398892045
38,Y,0.10628809034824371,0.0012635646853595972,0.051583170890808105,0.02683216892182827,0.07715177536010742,0.0,0.2080422192811966,0.016426341608166695,0.010405827313661575,0.0,0.0035677121486514807,0.08785491436719894,0.0,0.03433923050761223,0.004013676196336746,0.015757394954562187,0.024676676839590073,0.04682622104883194,0.0,0.2849709987640381
39,P,0.0040253447368741035,0.0,0.009392471052706242,0.0,0.0,0.007677972316741943,0.0,0.0,0.010883339680731297,0.0,0.0,0.001416324987076223,0.9420797824859619,0.009690645150840282,0.0,0.014834140427410603,0.0,0.0,0.0,0.0
40,P,0.0544859878718853,0.0,0.2464134395122528,0.2270869016647339,0.0,0.029361480847001076,0.014420575462281704,0.0,0.004757303278893232,0.0,0.0,0.034490447491407394,0.013974578119814396,0.08741544932126999,0.029212815687060356,0.11863525211811066,0.015981566160917282,0.0,0.12331821769475937,0.0004459971678443253
41,L,0.14233684539794922,0.015757394954562187,0.005128586199134588,0.00624349620193243,0.011446409858763218,0.0,0.0026757840532809496,0.1653040051460266,0.0,0.0968485176563263,0.04808978736400604,0.018358852714300156,0.0,0.0,0.0,0.06652297079563141,0.2894306480884552,0.02720380574464798,0.01434517651796341,0.09030771255493164
42,R,0.01702095940709114,0.0017838560743257403,0.014716812409460545,0.003939348738640547,0.00691244238987565,0.0,0.0021554927807301283,0.022892819717526436,0.21971161663532257,0.10948416590690613,0.02044001780450344,0.013378920964896679,0.00297309341840446,0.3440612554550171,0.18217630684375763,0.006540805567055941,0.00624349620193243,0.025568604469299316,0.0,0.0
43,K,0.15602467954158783,0.0,0.08815877139568329,0.09499739855527878,0.00765628507360816,0.041403405368328094,0.00654129171743989,0.013454248197376728,0.14703039824962616,0.011967591010034084,0.0,0.06385193020105362,0.029435813426971436,0.06593324989080429,0.13528580963611603,0.034044452011585236,0.06689957529306412,0.011967591010034084,0.0,0.025347506627440453
44,Y,0.04551509767770767,0.0,0.004884547088295221,0.008362936787307262,0.13558319211006165,0.0,0.03182356432080269,0.021684428676962852,0.167702779173851,0.23771461844444275,0.04669922962784767,0.003034339752048254,0.008436945267021656,0.015467732213437557,0.06290704756975174,0.005476613529026508,0.0,0.018280047923326492,0.0,0.18642687797546387
45,F,0.0,0.0,0.0,0.0,0.9875665903091431,0.0,0.0011101242853328586,0.0,0.0,0.0,0.0,0.0,0.001406157505698502,0.0,0.0,0.003774422686547041,0.0,0.0,0.006142687983810902,0.0
46,K,0.03980986401438713,0.0,0.0920974463224411,0.03773024305701256,0.008244207128882408,0.04463755339384079,0.013368983753025532,0.0,0.17216280102729797,0.0,0.0,0.011140819638967514,0.2224450409412384,0.0091354725882411,0.016265597194433212,0.22207367420196533,0.09031491726636887,0.011809268966317177,0.0,0.008764111436903477
47,S,0.023719165474176407,0.0,0.038978494703769684,0.017631245777010918,0.061986085027456284,0.08633776009082794,0.061116382479667664,0.0,0.15512333810329437,0.008776091039180756,0.0,0.052656546235084534,0.007590132765471935,0.1854838728904724,0.16326692700386047,0.10468058288097382,0.01257115788757801,0.0,0.0031625553965568542,0.01691967062652111
48,R,0.03228495642542839,0.010761652141809464,0.00848806370049715,0.009321712888777256,0.5716559290885925,0.0,0.0,0.007654414512217045,0.0,0.14588859677314758,0.03372489660978317,0.015233042649924755,0.0,0.0,0.052519895136356354,0.006669193040579557,0.00939749926328659,0.07131489366292953,0.012580523267388344,0.01250473689287901
49,E,0.15200750529766083,0.0,0.0488986112177372,0.1538822054862976,0.003749414114281535,0.2115294486284256,0.008826745674014091,0.0,0.15645992755889893,0.0014060302637517452,0.0,0.04663333669304848,0.0,0.03483830764889717,0.10670207440853119,0.04132166877388954,0.011482580564916134,0.022262146696448326,0.0,0.0
50,E,0.036530736833810806,0.0,0.20273400843143463,0.037689220160245895,0.005715168546885252,0.2774945795536041,0.0553753487765789,0.002703120233491063,0.04649366810917854,0.031124498695135117,0.0,0.1927710771560669,0.0,0.02062094584107399,0.018226753920316696,0.05406240373849869,0.017068272456526756,0.0013901761267334223,0.0,0.0
51,Y,0.023894255980849266,0.0061006611213088036,0.004914421122521162,0.004151838831603527,0.07947805523872375,0.0061853923834860325,0.039823759347200394,0.06388747692108154,0.20301644504070282,0.22377562522888184,0.03406202420592308,0.014573801308870316,0.0,0.0,0.02033553645014763,0.02075919322669506,0.022284358739852905,0.16319267451763153,0.0,0.06956448405981064
52,T,0.03310300409793854,0.0008838180801831186,0.20078739523887634,0.03679897263646126,0.0,0.020086774602532387,0.003937007859349251,0.0,0.07231239229440689,0.0,0.0,0.042503613978624344,0.09296159446239471,0.03977181389927864,0.003133536782115698,0.26763617992401123,0.1843162477016449,0.0,0.0,0.0017676361603662372
53,A,0.09493264555931091,0.001282873679883778,0.05075368657708168,0.008579217828810215,0.02645926922559738,0.04770686477422714,0.0036882616113871336,0.07897690683603287,0.042815908789634705,0.23091726005077362,0.009781911037862301,0.023412443697452545,0.06550673395395279,0.02613854967057705,0.0,0.117463119328022,0.08346696943044662,0.08811738342046738,0.0,0.0
54,E,0.2011382281780243,0.002650658832862973,0.2117408663034439,0.2770718038082123,0.0,0.05153192579746246,0.0005457238876260817,0.005925002042204142,0.005769080948084593,0.0024947377387434244,0.0,0.015903953462839127,0.06572074443101883,0.019646059721708298,0.0,0.042566459625959396,0.027598034590482712,0.05847041308879852,0.0,0.011226319707930088
55,D,0.12936149537563324,0.0008703219937160611,0.25176042318344116,0.13679879903793335,0.002373605500906706,0.014953714795410633,0.022707492113113403,0.0,0.012975710444152355,0.002057124860584736,0.0,0.06899280101060867,0.046443548053503036,0.06108077988028526,0.020808609202504158,0.17453911900520325,0.031648073345422745,0.02112508937716484,0.0,0.0015032835071906447
56,V,0.019794780761003494,0.02965177409350872,0.0,0.0019390805391594768,0.0,0.005494061391800642,0.002989415777847171,0.2611295282840729,0.0,0.3050011992454529,0.1468045562505722,0.002989415777847171,0.003393390914425254,0.0007271551876328886,0.0,0.017694110050797462,0.005736446473747492,0.18849478662014008,0.008160297758877277,0.0
57,Q,0.06411305069923401,0.0036444775760173798,0.017478616908192635,0.07824470102787018,0.009074005298316479,0.015544812195003033,0.025288211181759834,0.0049088881351053715,0.305392324924469,0.05853477120399475,0.10687988251447678,0.017404239624738693,0.056675344705581665,0.08055038750171661,0.10137597471475601,0.02967645972967148,0.003793231677263975,0.007512086071074009,0.0,0.013908516615629196
58,N,0.10640794783830643,0.0,0.12831546366214752,0.07487677037715912,0.0,0.23456694185733795,0.02057741954922676,0.0,0.09623660147190094,0.0,0.0,0.0812143012881279,0.0,0.05242156237363815,0.028245050460100174,0.12440340965986252,0.030435802415013313,0.002112510846927762,0.0,0.02018621377646923
59,D,0.010408922098577023,0.002007434843108058,0.11710037291049957,0.0017843865789473057,0.0,0.019479554146528244,0.010185874067246914,0.001933085499331355,0.0,0.0026765798684209585,0.0048327138647437096,0.35747212171554565,0.004089219495654106,0.006542751099914312,0.0017843865789473057,0.322602242231369,0.13234201073646545,0.004758364520967007,0.0,0.0
60,P,0.213962122797966,0.0,0.05837355926632881,0.0996657982468605,0.0005198662984184921,0.07872261106967926,0.003787597408518195,0.0013367991195991635,0.03104344569146633,0.0028963980730623007,0.0009654660243541002,0.009803193621337414,0.34496843814849854,0.012699591927230358,0.051021166145801544,0.05636836215853691,0.01730412244796753,0.015521722845733166,0.0010397325968369842,0.0
61,F,0.13390271365642548,0.0,0.09298180788755417,0.16554029285907745,0.04114370420575142,0.029409579932689667,0.006758261937648058,0.0,0.27426663041114807,0.0034905311185866594,0.010471592657268047,0.02733011543750763,0.015595989301800728,0.07604901492595673,0.10100259631872177,0.01255105808377266,0.005272930022329092,0.004233197309076786,0.0,0.0
62,F,0.010694392956793308,0.0,0.0,0.0,0.452432245016098,0.0061641293577849865,0.0,0.04158930480480194,0.0,0.22302265465259552,0.03876717388629913,0.0,0.0,0.0,0.0,0.0,0.0,0.20601560175418854,0.0013367991195991635,0.019977720454335213
63,A,0.19196061789989471,0.0,0.00947125069797039,0.03713923320174217,0.0,0.029756134375929832,0.021478110924363136,0.029457826167345047,0.26444923877716064,0.05250205099582672,0.0035796852316707373,0.01968826912343502,0.0,0.034007009118795395,0.1686180979013443,0.046461332589387894,0.02334253117442131,0.068088598549366,0.0,0.0
64,K,0.3436601161956787,0.0,0.02825108729302883,0.022718891501426697,0.0,0.06815667450428009,0.010548056103289127,0.00295050535351038,0.1760714054107666,0.007228737697005272,0.0,0.028398612514138222,0.029136240482330322,0.01785055734217167,0.029136240482330322,0.029578816145658493,0.11403702944517136,0.036512501537799835,0.012834697961807251,0.04292985051870346
65,Q,0.0005163003224879503,0.0,0.0014013866893947124,0.0,0.005310517735779285,0.0009588435059413314,0.7875055074691772,0.0018439297564327717,0.004130402579903603,0.015857795253396034,0.0,0.0,0.0,0.15776662528514862,0.0,0.0,0.0007375719142146409,0.00811329111456871,0.0,0.015857795253396034
66,G,0.3845529556274414,0.018589554354548454,0.004131012130528688,0.0,0.0,0.3875036835670471,0.0,0.04086751118302345,0.0,0.01143405120819807,0.010843906551599503,0.0,0.0,0.0,0.0,0.049203306436538696,0.021761581301689148,0.07111242413520813,0.0,0.0
67,Q,0.05500590801239014,0.011444182135164738,0.016243355348706245,0.0299763735383749,0.004430005792528391,0.08586828410625458,0.015135853551328182,0.0790017694234848,0.12536916136741638,0.09007678925991058,0.04385705664753914,0.0632014200091362,0.0,0.07553160190582275,0.047474898397922516,0.047844063490629196,0.14006201922893524,0.05744241178035736,0.0,0.012034849263727665
68,K,0.026801535859704018,0.0,0.0,0.0,0.0,0.0022888362873345613,0.0,0.0026580034755170345,0.24010631442070007,0.020968694239854813,0.0,0.0285735372453928,0.0,0.0035440046340227127,0.4163467288017273,0.05087123438715935,0.14146485924720764,0.06408742070198059,0.0,0.0022888362873345613
69,I,0.001476450590416789,0.0,0.0,0.0,0.03794478252530098,0.0,0.0005905802245251834,0.28768640756607056,0.0,0.06924553215503693,0.001550273154862225,0.0005905802245251834,0.0,0.0,0.0,0.0008120478596538305,0.0008858703658916056,0.5795068740844727,0.0,0.019710615277290344
70,L,0.07781469076871872,0.011148025281727314,0.0,0.0,0.06688815355300903,0.01387966051697731,0.0,0.07685492932796478,0.005684754345566034,0.355186402797699,0.14544111490249634,0.0,0.0,0.0,0.0,0.004429678898304701,0.03543743118643761,0.19586563110351562,0.011369508691132069,0.0
71,L,0.06229701638221741,0.0,0.029967522248625755,0.007824033498764038,0.0,0.1696191281080246,0.013581340201199055,0.0,0.023914968594908714,0.10961027443408966,0.016976675018668175,0.16268083453178406,0.0,0.011293179355561733,0.0676114559173584,0.13012990355491638,0.13241806626319885,0.02236492559313774,0.004133451264351606,0.035577207803726196
72,A,0.35328856110572815,7.38170783733949e-05,0.00826751347631216,0.013877611607313156,0.12511995434761047,0.177677720785141,7.38170783733949e-05,0.01594449020922184,0.01793755032122135,0.016092123463749886,0.028714844956994057,7.38170783733949e-05,0.00420757383108139,0.01468959916383028,0.023990551009774208,0.10016977787017822,0.04539750516414642,0.046800028532743454,7.38170783733949e-05,0.007529342081397772
73,C,0.0,0.0712069720029831,0.0,0.0,0.17639237642288208,0.0,0.0,0.11574826389551163,0.0,0.45826563239097595,0.03914906084537506,0.0,0.0,0.0,0.0,0.001846653874963522,0.018466537818312645,0.11892450600862503,0.0,0.0
74,H,0.022601373493671417,0.021936627104878426,0.27025631070137024,0.07112785428762436,0.0017726568039506674,0.2009011059999466,0.060048747807741165,0.00014772139547858387,0.005465691909193993,0.010266637429594994,0.015436885878443718,0.07607652246952057,0.00014772139547858387,0.016470935195684433,0.007312209345400333,0.16648201644420624,0.031981684267520905,0.01816973276436329,0.00014772139547858387,0.0032498708460479975
75,V,0.053649500012397766,0.004149685148149729,0.08440162986516953,0.21741385757923126,0.02037791721522808,0.05142645537853241,0.011411634273827076,0.031419042497873306,0.0726194903254509,0.060170434415340424,0.02408299408853054,0.07061874866485596,0.0,0.024601703509688377,0.05402000620961189,0.07202667742967606,0.07862171530723572,0.0627639889717102,0.001482030376791954,0.0047424971126019955
76,L,0.23252707719802856,0.020477816462516785,0.0,0.0,0.08072414249181747,0.048746105283498764,0.0,0.16359993815422058,0.0,0.17650987207889557,0.030048968270421028,0.002671019406989217,0.0,0.0,0.0,0.03353613242506981,0.015135777182877064,0.15499332547187805,0.024855319410562515,0.01617450639605522
77,C,0.0705576241016388,0.03710037097334862,0.004237918183207512,7.434944564010948e-05,7.434944564010948e-05,0.004089219495654106,7.434944564010948e-05,0.3722676634788513,7.434944564010948e-05,0.13457249104976654,0.010111523792147636,7.434944564010948e-05,0.0007434944272972643,7.434944564010948e-05,7.434944564010948e-05,0.0026765798684209585,0.009516729041934013,0.3534572422504425,7.434944564010948e-05,7.434944564010948e-05
78,A,0.15295687317848206,0.0018526752246543765,0.11723729223012924,0.06691863387823105,0.0,0.05839632451534271,0.012598191387951374,0.002741959411650896,0.2043871283531189,0.007188380230218172,0.0,0.10834445059299469,0.0,0.08225878328084946,0.030457980930805206,0.10286053270101547,0.04149992763996124,0.0073365941643714905,0.0,0.0029642803128808737
79,T,0.05674390867352486,0.0014111705822870135,0.005644682329148054,0.019979203119874,0.010769459418952465,0.010695187374949455,0.09306298196315765,0.004753416404128075,0.04820261523127556,0.23172906041145325,0.014705882407724857,0.20967023074626923,0.0,0.07338086515665054,0.024584075435996056,0.10672905296087265,0.04775698110461235,0.0380273312330246,0.0,0.0021538918372243643
80,Y,0.04355622082948685,0.0,0.0,0.005080313887447119,0.010235338471829891,0.0017930519534274936,0.0,0.10437056422233582,0.04542398080229759,0.48135972023010254,0.10451998561620712,0.0030631304252892733,0.0,0.0026148674078285694,0.02241314947605133,0.038924168795347214,0.01031004823744297,0.06828539073467255,0.0,0.05805005505681038
81,D,0.016368824988603592,0.0,0.4840066134929657,0.045952845364809036,0.011262952350080013,0.2068628966808319,0.012839765287935734,0.0,0.029584022238850594,0.0,0.0,0.0747109204530716,0.02492866851389408,0.005030785221606493,0.030560143291950226,0.029959453269839287,0.020348399877548218,0.0,0.0,0.007583721075206995
82,D,0.012323140166699886,0.00395557563751936,0.3839190602302551,0.029362544417381287,0.0,0.00844363309442997,0.029362544417381287,0.0,0.06519093364477158,0.025939449667930603,0.0,0.31446826457977295,0.0,0.03628480061888695,0.00638977624475956,0.06290887296199799,0.007530807983130217,0.0,0.0,0.013920583762228489
83,R,0.08764731884002686,0.008467918261885643,0.04757747799158096,0.1354866921901703,0.0,0.03841117396950722,0.039022259414196014,0.021562635898590088,0.044434744864702225,0.049585334956645966,0.021300742402672768,0.021824531257152557,0.2659100890159607,0.07900480180978775,0.04268878325819969,0.028895677998661995,0.04504583030939102,0.017546921968460083,0.0034046268556267023,0.0021824531722813845
84,E,0.16732637584209442,0.0,0.11712846159934998,0.20951780676841736,0.0,0.11218064278364182,0.007826556451618671,0.012324577197432518,0.06881971657276154,0.020870815962553024,0.00674703111872077,0.0057574668899178505,0.08573228120803833,0.010075566358864307,0.0,0.12495502084493637,0.036523930728435516,0.014213746413588524,0.0,0.0
85,T,0.15482041239738464,0.010586011223495007,0.04735349863767624,0.05349716544151306,0.007844990119338036,0.007561436854302883,0.028827976435422897,0.01361058559268713,0.13137996196746826,0.04054820537567139,0.006899810861796141,0.1280718296766281,0.00614366726949811,0.03790169954299927,0.04092627763748169,0.04310018941760063,0.12287334352731705,0.11105860024690628,0.0,0.006994328927248716
86,F,0.012578615918755531,0.0,0.0,0.0,0.14465409517288208,0.0,0.03017275780439377,0.09537456929683685,0.0,0.5228086709976196,0.06862510740756989,0.0,0.0,0.0,0.01831064373254776,0.0,0.0185494776815176,0.0889260396361351,0.0,0.0
87,N,0.05198210850358009,0.0011568717891350389,0.09216412156820297,0.20623168349266052,0.0018509948858991265,0.020669443532824516,0.019204072654247284,0.010951720178127289,0.18301711976528168,0.036480024456977844,0.004010488744825125,0.07843591272830963,0.012339966371655464,0.042804256081581116,0.023445935919880867,0.061854079365730286,0.05892333760857582,0.07280579954385757,0.0,0.021672066301107407
88,A,0.2549833357334137,0.022897370159626007,0.0640237107872963,0.0654316395521164,0.0,0.1410892903804779,0.0014079288812354207,0.0017784364754334092,0.04542423039674759,0.04157095402479172,0.0110411262139678,0.056317154318094254,0.005928121507167816,0.019859207794070244,0.008002963848412037,0.1138940379023552,0.09596146643161774,0.023712486028671265,0.0,0.026676546782255173
89,Y,0.12776830792427063,0.0,0.024442633613944054,0.05740315467119217,0.04792237654328346,0.0006666172994300723,0.03392341360449791,0.049551885575056076,0.033034589141607285,0.1674690693616867,0.014517443254590034,0.0394044890999794,0.005481075495481491,0.06473594903945923,0.002073920564725995,0.033553071320056915,0.11784312129020691,0.06451374292373657,0.0,0.11569513380527496
90,T,0.06711012870073318,0.024538064375519753,0.0,0.0,0.09475240111351013,0.0022912046406418085,0.0,0.0883222445845604,0.0,0.48514413833618164,0.020029563456773758,0.0,0.0,0.0,0.0,0.007317073177546263,0.034589800983667374,0.12113821506500244,0.016407981514930725,0.038359202444553375
91,R,0.18489506840705872,0.0038427431136369705,0.06281407177448273,0.07818504422903061,0.0,0.02586461789906025,0.015888264402747154,0.0012562813935801387,0.19383683800697327,0.02261306531727314,0.011380431242287159,0.07648536562919617,0.0,0.014779780991375446,0.10515814274549484,0.09252142906188965,0.05416789650917053,0.04803428798913956,0.0,0.008276677690446377
92,E,0.054537393152713776,0.0,0.040939994156360626,0.11823824793100357,0.009163464419543743,0.021061187610030174,0.1094442829489708,0.002216967288404703,0.2287910133600235,0.014484185725450516,0.0,0.04478273540735245,0.059193022549152374,0.08513154089450836,0.05756724625825882,0.05047295242547989,0.06081879884004593,0.0033993497490882874,0.02519952692091465,0.014558084309101105
93,L,0.0,0.0,0.0,0.0,0.08135668188333511,0.0005172541132196784,0.0,0.03783344477415085,0.003842459060251713,0.7046478986740112,0.05438557639718056,0.006576516665518284,0.0,0.01596098393201828,0.0,0.003177418140694499,0.023128649219870567,0.06133155897259712,0.0005172541132196784,0.006724303588271141
94,L,0.26978257298469543,0.006803727243095636,0.0,0.0,0.0,0.34196123480796814,0.006507913116365671,0.016639551147818565,0.016639551147818565,0.02092885598540306,0.033131193369627,0.01198047585785389,0.0,0.0040674456395208836,0.015160479582846165,0.19886112213134766,0.013607454486191273,0.04392841458320618,0.0,0.0
95,D,0.15928418934345245,0.0,0.09139984101057053,0.13103601336479187,0.0031058196909725666,0.02861791104078293,0.02196258306503296,0.005324262194335461,0.11291873455047607,0.01124010980129242,0.0,0.049767062067985535,0.0038453005254268646,0.10892553627490997,0.054795533418655396,0.04244620352983475,0.05139392241835594,0.10707683116197586,0.0,0.01686016470193863
96,R,0.0651530846953392,0.0,0.0982842743396759,0.015308386646211147,0.00828279834240675,0.0,0.0008874426712282002,0.004141399171203375,0.07654193043708801,0.14139920473098755,0.030468866229057312,0.0800916999578476,0.004511166829615831,0.1039787009358406,0.1266084909439087,0.15286199748516083,0.07358378916978836,0.01227629091590643,0.0,0.005620470270514488
97,H,7.387706864392385e-05,7.387706864392385e-05,7.387706864392385e-05,7.387706864392385e-05,7.387706864392385e-05,0.0014775414019823074,0.9897310733795166,7.387706864392385e-05,0.004875886719673872,7.387706864392385e-05,7.387706864392385e-05,7.387706864392385e-05,0.00273345154710114,7.387706864392385e-05,7.387706864392385e-05,7.387706864392385e-05,7.387706864392385e-05,7.387706864392385e-05,7.387706864392385e-05,7.387706864392385e-05
98,A,0.20417530834674835,0.09350014477968216,0.018359491601586342,0.051673080772161484,0.03472016751766205,0.00259105721488595,0.008661533705890179,0.10208765417337418,0.1673082560300827,0.04811963438987732,0.0,0.008883624337613583,0.0006662718369625509,0.031166715547442436,0.04671305790543556,0.03805152326822281,0.032425228506326675,0.09994077682495117,0.0,0.010956469923257828
99,R,0.17617884278297424,0.0,0.09171663224697113,0.08179731667041779,0.002072692383080721,0.05625879019498825,0.022577540948987007,0.010955658741295338,0.10193204879760742,0.025094380602240562,0.0,0.07143385708332062,0.055444519966840744,0.0186542309820652,0.08372196555137634,0.03375527262687683,0.09053223580121994,0.028129395097494125,0.0,0.049744613468647
100,D,0.007623417768627405,0.0,0.038561172783374786,0.021315963938832283,0.025904817506670952,0.0,0.039005253463983536,0.010583968833088875,0.1836281567811966,0.02479461207985878,0.028199244290590286,0.028791354969143867,0.001184220309369266,0.004810894839465618,0.45274221897125244,0.011990230530500412,0.013248464092612267,0.03463844209909439,0.006143142469227314,0.06683443486690521
101,H,0.0,0.0,0.20718815922737122,0.0,0.02607470005750656,0.051444679498672485,0.23114868998527527,0.0,0.07963354140520096,0.020436927676200867,0.0,0.07329104840755463,0.0,0.14517265558242798,0.016208598390221596,0.04087385535240173,0.0,0.10852713137865067,0.0,0.0
102,V,0.02040463499724865,0.0,0.024554729461669922,0.06086806207895279,0.031125713139772415,0.01106692012399435,0.19920456409454346,0.03804253786802292,0.026456857100129128,0.3605395257472992,0.0,0.0,0.07764136046171188,0.0038042538799345493,0.05170326679944992,0.007262666244059801,0.0029396507889032364,0.0816185399889946,0.0,0.0027667300309985876
103,H,0.00659894710406661,0.0,0.0,0.004671164788305759,0.001631200429983437,0.453547865152359,0.15837472677230835,0.0,0.15444502234458923,0.0031141098588705063,0.0,0.08541558682918549,0.001853636815212667,0.029584044590592384,0.04485801234841347,0.03343961015343666,0.015718840062618256,0.005190182942897081,0.0,0.0015570549294352531
104,M,0.025587931275367737,0.0,0.0,0.0,0.025070255622267723,0.0010353497928008437,0.0,0.27917468547821045,0.0,0.06803727149963379,0.033205147832632065,0.0,0.0,0.0,0.0,0.0,0.024996303021907806,0.5428930521011353,0.0,0.0
105,P,0.04821771755814552,0.0,0.23746487498283386,0.062490757554769516,0.0,0.06293448060750961,0.005768377333879471,0.011388847604393959,0.06833308935165405,0.011388847604393959,0.0014790710993111134,0.019893506541848183,0.1564117670059204,0.023813044652342796,0.012720012106001377,0.12194941937923431,0.12631267309188843,0.029063748195767403,0.0,0.00036976777482777834
106,P,0.0926775112748146,0.0,0.061908282339572906,0.0,0.000887573987711221,0.027440829202532768,0.022189348936080933,0.053550295531749725,0.0923076942563057,0.037278108298778534,0.0,0.0254437867552042,0.35036981105804443,0.029733728617429733,0.06760355085134506,0.048964496701955795,0.04282544553279877,0.04068047180771828,0.00266272178851068,0.003476331476122141
107,E,0.18121850490570068,0.0008894159691408277,0.07967684417963028,0.25229766964912415,0.003112955717369914,0.052549660205841064,0.007560035679489374,0.01712125726044178,0.11310406029224396,0.0008152979426085949,0.004521197639405727,0.022828342393040657,0.006003557704389095,0.045582566410303116,0.038689594715833664,0.05966498702764511,0.022087162360548973,0.09109101444482803,0.0,0.0011858879588544369
108,V,0.011579572223126888,0.0,0.022565320134162903,0.03266033157706261,0.01573634147644043,0.007868170738220215,0.14652612805366516,0.0,0.009575415402650833,0.052108075469732285,0.020412707701325417,0.21221792697906494,0.010169239714741707,0.16923990845680237,0.004453681875020266,0.05841745808720589,0.004453681875020266,0.032140735536813736,0.0011876485077664256,0.18868765234947205
109,W,0.003637173445895314,0.0,0.0,0.0008165083127096295,0.7318883538246155,0.0,0.0,0.0,0.0,0.07905285060405731,0.0,0.0027464369777590036,0.0,0.0,0.0,0.011431116610765457,0.0,0.013138361275196075,0.1060718521475792,0.05121733993291855
110,T,0.0279928520321846,0.0,0.10333532094955444,0.2127010077238083,0.0,0.13341274857521057,0.01139070838689804,0.0047647408209741116,0.17823109030723572,0.008189398795366287,0.014443120919167995,0.0760125070810318,0.005211435258388519,0.042584873735904694,0.09179571270942688,0.03975580632686615,0.04206372797489166,0.00677486602216959,0.001340083428658545,0.0
111,D,0.08621460199356079,0.0,0.05529060959815979,0.14947839081287384,0.050074514001607895,0.0026080477982759476,0.014307004399597645,0.04470938816666603,0.046721313148736954,0.17257824540138245,0.00216095382347703,0.0507451556622982,0.025558866560459137,0.04403874650597572,0.011549925431609154,0.01892697438597679,0.04843517020344734,0.09128166735172272,0.03479880839586258,0.0505216084420681
112,F,0.047576434910297394,7.457121682818979e-05,7.457121682818979e-05,0.0005219985032454133,0.3618195354938507,0.01573452726006508,7.457121682818979e-05,0.09656972438097,7.457121682818979e-05,0.2738254964351654,0.07136465609073639,7.457121682818979e-05,0.0005219985032454133,7.457121682818979e-05,7.457121682818979e-05,0.001789709203876555,0.04056674242019653,0.08493661135435104,0.0005219985032454133,0.00372856087051332
113,W,0.100320965051651,0.0055236248299479485,0.0015675150789320469,0.030081361532211304,0.054713740944862366,0.23214152455329895,0.006046129856258631,0.008360080420970917,0.08352616429328918,0.03358960896730423,0.0017914458876475692,0.018063746392726898,0.0,0.03321639075875282,0.13391058146953583,0.14144958555698395,0.028065985068678856,0.01813839003443718,0.0650145560503006,0.004478614777326584
114,K,0.09078013896942139,0.0,0.07943262159824371,0.1975363940000534,0.03971631079912186,0.09503546357154846,0.028144830837845802,0.008510638028383255,0.09309443831443787,0.004329973831772804,0.0,0.07569988816976547,0.08346398174762726,0.05524449422955513,0.014035088010132313,0.022993654012680054,0.08241881430149078,0.020604703575372696,0.0,0.008958566933870316
115,L,0.23879040777683258,0.07232236117124557,0.0012661998625844717,0.018024727702140808,0.0,0.01281096413731575,0.016237150877714157,0.108073890209198,0.0,0.05213764309883118,0.01616266928613186,0.015417845919728279,0.05377625674009323,0.0011917175725102425,0.005064799450337887,0.10308356583118439,0.01943989284336567,0.25845375657081604,0.0,0.007746164221316576
116,F,0.012892168015241623,0.0,0.0,0.0,0.17616811394691467,0.0,0.0,0.21909232437610626,0.0,0.4841642379760742,0.05447499826550484,0.0010432967683300376,0.0,0.0,0.0,0.0,0.003204411594197154,0.01855577901005745,0.022579923272132874,0.007824726402759552
117,E,0.05679361894726753,0.0,0.024222999811172485,0.05455765128135681,0.024297533556818962,0.01647164113819599,0.030707310885190964,0.14571066200733185,0.014533800072968006,0.24528583884239197,0.03927852585911751,0.004099276848137379,0.00812402181327343,0.01818588376045227,0.006856972351670265,0.014608332887291908,0.06096743047237396,0.22814339399337769,0.0,0.0071551017463207245
118,E,0.09383857995271683,0.026853647083044052,0.07996419817209244,0.20938386023044586,0.015142473392188549,0.045502014458179474,0.047292258590459824,0.07093838602304459,0.05930180475115776,0.011561986990272999,0.003953453619033098,0.011561986990272999,0.047665223479270935,0.032298970967531204,0.016559749841690063,0.10741458833217621,0.03744592145085335,0.062285542488098145,0.0,0.02103535644710064
119,Y,0.05779216066002846,0.01602829433977604,0.0,0.010610279627144337,0.08345247805118561,0.021973060443997383,0.0030100082512944937,0.015501542948186398,0.0,0.029498081654310226,0.020618556067347527,0.0,0.0,0.0,0.000827752286568284,0.01866205222904682,0.13131161034107208,0.3616524934768677,0.0,0.22906163334846497
120,L,0.024845656007528305,0.0,0.0,0.0,0.03862370178103447,0.0,0.0,0.1576569825410843,0.0,0.6187320947647095,0.08131305873394012,0.0,0.0,0.0,0.0,0.005496160127222538,0.0,0.07333233207464218,0.0,0.0
121,G,0.24106059968471527,0.0059090908616781235,0.008181817829608917,0.11984848231077194,0.00045454545761458576,0.07189393788576126,0.034166667610406876,0.0,0.17507575452327728,0.005530302878469229,0.001818181830458343,0.015757575631141663,0.06257575750350952,0.10159090906381607,0.04310606047511101,0.07878787815570831,0.01568181812763214,0.018560606986284256,0.0,0.0
122,K,0.15628083050251007,0.0044781784527003765,0.02998102456331253,0.20736242830753326,0.0,0.051764704287052155,0.059354837983846664,0.011081594042479992,0.0670967772603035,0.000683111953549087,0.003415559884160757,0.04880455508828163,0.009639468975365162,0.07294117659330368,0.03309297934174538,0.1736622452735901,0.0332447811961174,0.03711574897170067,0.0,0.0
123,K,0.11375600844621658,0.024872206151485443,0.012512397952377796,0.0791943222284317,0.0012970168609172106,0.005340657662600279,0.23064011335372925,0.015487907454371452,0.16830700635910034,0.016174564138054848,0.006408789195120335,0.06202792376279831,0.0,0.04394598305225372,0.07400625944137573,0.032654307782649994,0.021210040897130966,0.08079651743173599,0.0,0.011367971077561378
124,T,0.04591601341962814,0.027841869741678238,0.0,0.0027688047848641872,0.12990309298038483,0.06760498136281967,0.05229964479804039,0.024996154010295868,0.0,0.30633747577667236,0.03653284162282944,0.021919704973697662,0.002230426063761115,0.007229656912386417,0.000999846146441996,0.040378402918577194,0.05906783416867256,0.1637440323829651,0.0,0.010229195468127728
125,T,0.08422842621803284,0.008861439302563667,0.13838167488574982,0.14527389407157898,0.0031328320037573576,0.1266559213399887,0.03446115180850029,0.0033118510618805885,0.05630146712064743,0.0,0.05630146712064743,0.05200501158833504,0.0,0.023272467777132988,0.01664876565337181,0.15055495500564575,0.07653061300516129,0.017991406843066216,0.0,0.006086645182222128
126,L,0.02076447196304798,0.0073735062032938,0.0,0.0018645648378878832,0.34163913130760193,0.017035342752933502,0.0016950588906183839,0.005763200111687183,0.010000847280025482,0.21696753799915314,0.035426732152700424,0.009661835618317127,0.004915670957416296,0.0011865412816405296,0.01881515420973301,0.006102212239056826,0.011950165033340454,0.06000508368015289,0.1906093806028366,0.03822357952594757
127,D,0.008376545272767544,0.012684483081102371,0.1889110505580902,0.01802951656281948,0.0025528520345687866,0.14934183657169342,0.0029517351649701595,0.0,0.029437575489282608,0.0,0.0,0.09652971476316452,0.02026326209306717,0.019864380359649658,0.01683286763727665,0.12788192927837372,0.3031511902809143,0.0031910650432109833,0.0,0.0
128,E,0.2050798088312149,0.03695840388536453,0.17983801662921906,0.12054730206727982,0.0,0.02893764339387417,0.009357552975416183,0.001494063064455986,0.021152786910533905,0.004796728957444429,0.0,0.008413934148848057,0.2440827190876007,0.006841236259788275,0.01549107488244772,0.10128174722194672,0.004010379780083895,0.011716599576175213,0.0,0.0
129,P,0.14856964349746704,0.00857432372868061,0.15153168141841888,0.19331203401088715,0.0668017789721489,0.032192688435316086,0.007093304302543402,0.0,0.03811676800251007,0.008808168582618237,0.0,0.10897186398506165,0.09790318459272385,0.047860316932201385,0.0021046067122370005,0.03234858438372612,0.01839582249522209,0.0024164002388715744,0.0,0.034998830407857895
130,T,0.13283930718898773,0.012402496300637722,0.09219969063997269,0.03759750351309776,0.0031981279607862234,0.024960998445749283,0.013260530307888985,0.020358813926577568,0.0,0.06107644364237785,0.06497659534215927,0.03861154615879059,0.0,0.05483619496226311,0.0,0.01950078085064888,0.19836193323135376,0.2157566249370575,0.0024180966429412365,0.007644305936992168
131,K,0.15331284701824188,0.0021271565929055214,0.013314425013959408,0.07838966697454453,0.009375246241688728,0.014811313711106777,0.04380366951227188,0.009926731698215008,0.19380761682987213,0.07610493898391724,0.008823760785162449,0.0038603954017162323,0.02111399918794632,0.2232726663351059,0.06318443268537521,0.034585993736982346,0.002363507403060794,0.046561095863580704,0.0,0.0012605373049154878
132,Q,0.37864992022514343,0.0,0.07951334118843079,0.07551020383834839,0.0017268445808440447,0.0744113028049469,0.03712715953588486,0.002668759785592556,0.042229197919368744,0.03281004726886749,0.0,0.06389325112104416,0.001255886978469789,0.08720564842224121,0.015070643275976181,0.06954474002122879,0.017189953476190567,0.021193092688918114,0.0,0.0
133,A,0.8539246320724487,0.0,0.001491365721449256,0.005102040711790323,0.0079277865588665,0.005965462885797024,0.0,0.0,0.0,0.0007064364035613835,0.0,0.0,0.0,0.00015698587230872363,0.0,0.08124019205570221,0.035164836794137955,0.008320251479744911,0.0,0.0
134,W,0.0006284861592575908,0.001571215339936316,0.0019640191458165646,0.0,0.057820726186037064,0.0,0.0,0.003142430679872632,0.0,0.01806897670030594,0.06426271051168442,0.0,0.0,0.0,0.0,0.001571215339936316,0.0,0.00769895501434803,0.8032838106155396,0.03998742997646332
135,H,0.10722500085830688,0.0015861686551943421,0.07256721705198288,0.07510508596897125,0.0,0.0771671012043953,0.033785391598939896,0.0027757950592786074,0.10492505133152008,0.01118248887360096,0.012847965583205223,0.1214212104678154,0.0,0.11507653445005417,0.07558093219995499,0.0618605762720108,0.09429772198200226,0.02030295878648758,0.010627329349517822,0.0016654770588502288
136,E,0.08396030217409134,0.006483111996203661,0.026012485846877098,0.08788218349218369,0.0,0.030814791098237038,0.034976787865161896,0.0016808067448437214,0.46166160702705383,0.010805186815559864,0.0,0.04594205319881439,0.004962381906807423,0.045781973749399185,0.031134944409132004,0.03425644338130951,0.042580436915159225,0.05106450989842415,0.0,0.0
137,I,0.27624309062957764,0.07862919569015503,0.0,0.0,0.11233885586261749,0.046681080013513565,0.0,0.04964368790388107,0.0005604932084679604,0.269517183303833,0.018576346337795258,0.006485707592219114,0.0,0.0,0.0,0.002001761458814144,0.01681479625403881,0.12250781059265137,0.0,0.0
138,G,0.011324751190841198,0.0034218672662973404,0.0,0.007984356954693794,0.10004888474941254,0.07723643630743027,0.0,0.055727552622556686,0.0,0.35212644934654236,0.043506599962711334,0.013768942095339298,0.0,0.0,0.019797947257757187,0.0026071369647979736,0.010021182708442211,0.1315789520740509,0.005703112110495567,0.16514582931995392
139,R,0.1838083416223526,0.002560925204306841,0.2730276882648468,0.08599752187728882,0.0,0.14085088670253754,0.0035522510297596455,0.0009087154176086187,0.09681949764490128,0.0009913259418681264,0.0026435358449816704,0.03312680870294571,0.0,0.01255679503083229,0.02511359006166458,0.08954977244138718,0.04518793895840645,0.0033044195733964443,0.0,0.0
140,E,0.12549953162670135,0.016835303977131844,0.024317659437656403,0.062154579907655716,0.00756738381460309,0.09948133677244186,0.04506419599056244,0.0289091058075428,0.019386107102036476,0.06827650964260101,0.003571124980226159,0.12439418584108353,0.0,0.04310857877135277,0.042513392865657806,0.019556161016225815,0.018195731565356255,0.2266814112663269,0.0,0.02448771335184574
141,F,0.01229364238679409,0.0,0.0,0.0,0.20907972753047943,0.0,0.008693361654877663,0.23753073811531067,0.0,0.16543729603290558,0.022918861359357834,0.0,0.0,0.0,0.0,0.005532138980925083,0.038110289722681046,0.3004039227962494,0.0,0.0
142,A,0.2421591579914093,0.04096436873078346,0.004480477888137102,0.019522082060575485,0.058992959558963776,0.002240238944068551,0.012374653480947018,0.05067207291722298,0.03637721389532089,0.03200341388583183,0.015788350254297256,0.0553659051656723,0.0,0.03605717793107033,0.07680819183588028,0.042671218514442444,0.039790909737348557,0.20812886953353882,0.0,0.025602731853723526
143,K,0.21467703580856323,0.002293285680934787,0.08803669363260269,0.025990571826696396,0.0,0.03388966619968414,0.06306535750627518,0.0,0.14180150628089905,0.0,0.0,0.17798446118831635,0.0,0.026500191539525986,0.006752452347427607,0.11415466666221619,0.09555357694625854,0.0,0.0,0.009300547651946545
144,E,0.33376792073249817,0.0,0.06996957957744598,0.13399970531463623,0.010430247522890568,0.10618571937084198,0.002607561880722642,0.012748080305755138,0.04896421730518341,0.009271331131458282,0.017094017937779427,0.0,0.0,0.00507025932893157,0.00507025932893157,0.008402143605053425,0.05113718658685684,0.17137476801872253,0.0,0.013906996697187424
145,I,0.05902135372161865,0.03127627447247505,0.0,0.0,0.0,0.0,0.0,0.5031108260154724,0.0,0.3270556628704071,0.017319656908512115,0.0,0.0,0.0,0.0,0.017824113368988037,0.0,0.04439213126897812,0.0,0.0
146,N,0.014871116727590561,0.01057501696050167,0.07005948573350906,0.0812954381108284,0.019497686997056007,0.027428949251770973,0.0,0.0,0.4418374001979828,0.011896893382072449,0.0,0.06642432510852814,0.0,0.12359550595283508,0.032716456800699234,0.062458690255880356,0.024124257266521454,0.013218770734965801,0.0,0.0
147,K,0.04099821671843529,0.0,0.08259060978889465,0.15805110335350037,0.0,0.03505644574761391,0.10516934096813202,0.0,0.30540701746940613,0.0,0.0,0.03089720755815506,0.0,0.12061794102191925,0.0433749258518219,0.02495543658733368,0.03267974033951759,0.014854426495730877,0.0,0.005347593687474728
148,H,0.0,0.0,0.0,0.0,0.0,0.0,1.0,0.0,0.0,0.0,0.0,0.0,0.0,0.0,0.0,0.0,0.0,0.0,0.0,0.0
149,G,0.3909395933151245,0.0,0.0,0.0,0.0,0.6090604066848755,0.0,0.0,0.0,0.0,0.0,0.0,0.0,0.0,0.0,0.0,0.0,0.0,0.0,0.0
150,R,0.0,0.0,0.0,0.0,0.0,0.0,0.0,0.0,0.46028512716293335,0.0,0.0,0.0,0.0,0.0,0.5397148728370667,0.0,0.0,0.0,0.0,0.0
