RES_NUM,AMINO_ACID,A,C,D,E,F,G,H,I,K,L,M,N,P,Q,R,S,T,V,W,Y
1,G,0.0,0.0,0.0,0.0,0.0,1.0,0.0,0.0,0.0,0.0,0.0,0.0,0.0,0.0,0.0,0.0,0.0,0.0,0.0,0.0
2,D,0.003987408243119717,0.0,0.8656873106956482,0.0006295907660387456,0.0,0.0,0.0,0.0,0.0,0.0,0.0,0.057922352105379105,0.0,0.0027282265946269035,0.0,0.06379853188991547,0.00524658989161253,0.0,0.0,0.0
3,A,0.4931429624557495,0.0,0.0,0.009581062942743301,0.010520382784307003,0.0,0.0,0.05804997310042381,0.02160435914993286,0.012211158871650696,0.010332519188523293,0.002066503744572401,0.1568664312362671,0.0011271839030086994,0.0,0.019913582131266594,0.010708247311413288,0.18316738307476044,0.0,0.010708247311413288
4,A,0.38436976075172424,0.0,0.05563025176525116,0.2689075767993927,0.0,0.006386554799973965,0.0,0.004537815228104591,0.12319327890872955,0.010420167818665504,0.0020168067421764135,0.009411764331161976,0.0,0.011932773515582085,0.0,0.029075630009174347,0.014117646962404251,0.07999999821186066,0.0,0.0
5,K,0.25859299302101135,0.0,0.021683264523744583,0.027786700055003166,0.0036941857542842627,0.0,0.04433022812008858,0.0,0.4302923083305359,0.002730485051870346,0.001445550937205553,0.06039190664887428,0.021040797233581543,0.006424670573323965,0.08576935529708862,0.022004498168826103,0.006103437393903732,0.007709604687988758,0.0,0.0
6,G,0.013412103056907654,0.0,0.012134759686887264,0.0,0.0,0.9656714200973511,0.0,0.0,0.0,0.0,0.0,0.0,0.004151365254074335,0.0,0.0,0.002874022116884589,0.0,0.0017563467845320702,0.0,0.0
7,E,0.19418549537658691,0.0,0.0143782589584589,0.4419339597225189,0.0,0.0028440512251108885,0.0012640227796509862,0.0,0.22325801849365234,0.0022120398934930563,0.0020540370605885983,0.008532153442502022,0.0014220256125554442,0.05514299124479294,0.038868699222803116,0.010428187437355518,0.0023700427263975143,0.0011060199467465281,0.0,0.0
8,K,0.13308458030223846,0.0,0.019589552655816078,0.048196516931056976,0.004508706275373697,0.01772388070821762,0.011971392668783665,0.0066853235475718975,0.5219216346740723,0.012126865796744823,0.003886815859004855,0.02067786082625389,0.0,0.04897388070821762,0.051305968314409256,0.02363184094429016,0.0590796023607254,0.016635572537779808,0.0,0.0
9,E,0.09885931760072708,0.0,0.004258555360138416,0.12775665521621704,0.010798479430377483,0.004866919945925474,0.0,0.21520912647247314,0.0031939162872731686,0.17368821799755096,0.010494296438992023,0.0,0.0,0.033916350454092026,0.0,0.02889733761548996,0.024486692622303963,0.26098859310150146,0.0,0.0025855512358248234
10,F,0.07176239788532257,0.0,0.0,0.0,0.8154681324958801,0.0,0.0,0.0018091361271217465,0.0,0.008442635647952557,0.010101010091602802,0.0,0.0,0.0,0.0,0.017186792567372322,0.0025629429146647453,0.0064827376045286655,0.011759384535253048,0.054424844682216644
11,N,0.06557130068540573,0.0,0.01220982801169157,0.03255954012274742,0.0,0.018691588193178177,0.004974374547600746,0.0018088634824380279,0.35182392597198486,0.0010551703162491322,0.012511305510997772,0.2000301480293274,0.0021103406324982643,0.1499849259853363,0.109888456761837,0.00964727159589529,0.023665962740778923,0.0,0.0034669882152229548,0.0
12,K,0.034833308309316635,0.0,0.012258932925760746,0.019733890891075134,0.0,0.003886978607624769,0.009567947126924992,0.002391986781731248,0.5869337916374207,0.0043354760855436325,0.008222455158829689,0.02556435950100422,0.008222455158829689,0.13245627284049988,0.090596504509449,0.006727463100105524,0.04858723282814026,0.003886978607624769,0.0,0.0017939901445060968
13,C,0.00657894741743803,0.9837021827697754,0.0,0.0,0.008074162527918816,0.0,0.0,0.0,0.0,0.0,0.0,0.0,0.0,0.0,0.0,0.0,0.0,0.0,0.0,0.0016447368543595076
14,K,0.23867204785346985,0.0,0.003439509542658925,0.013608493842184544,0.0,0.04994766041636467,0.002691789995878935,0.01719754748046398,0.2614027261734009,0.06624794006347656,0.058172572404146194,0.0011963511351495981,0.0,0.048751309514045715,0.046358607709407806,0.10931658744812012,0.042171377688646317,0.040825482457876205,0.0,0.0
15,T,0.41447368264198303,0.0,0.001794258365407586,0.016447369009256363,0.0,0.02601674571633339,0.0,0.0195873212069273,0.0,0.0074760764837265015,0.022727273404598236,0.006429425906389952,0.008373205550014973,0.22159090638160706,0.019138755276799202,0.09404904395341873,0.09345095604658127,0.04455741494894028,0.0,0.0038875597529113293
16,C,0.007923456840217113,0.9822096228599548,0.0,0.0,0.0,0.0,0.0,0.0,0.0,0.0,0.0026909851003438234,0.0,0.0,0.0,0.0,0.0,0.0,0.00568096898496151,0.0,0.0014949918258935213
17,H,0.0,0.0,0.0,0.0,0.0,0.0,0.9914785623550415,0.00568096898496151,0.0,0.002840484492480755,0.0,0.0,0.0,0.0,0.0,0.0,0.0,0.0,0.0,0.0
18,S,0.06415432691574097,0.008673545904457569,0.043666817247867584,0.02048751339316368,0.0,0.008972633630037308,0.007925826124846935,0.005981755442917347,0.034694183617830276,0.0008972633513621986,0.09869896620512009,0.026469267904758453,0.0,0.05921938270330429,0.050545834004879,0.2101091742515564,0.2972932457923889,0.06221025809645653,0.0,0.0
19,I,0.04934210702776909,0.0005980861023999751,0.002990430686622858,0.001794258365407586,0.05622009560465813,0.015998803079128265,0.007924641482532024,0.30876195430755615,0.0,0.16671650111675262,0.02452153153717518,0.0,0.0,0.003588516730815172,0.0,0.009868420660495758,0.014503588899970055,0.323415070772171,0.010017942637205124,0.0037380382418632507
20,I,0.06469445675611496,0.0,0.13670998811721802,0.2891080379486084,0.0,0.12251605838537216,0.012550425715744495,0.028238458558917046,0.03137606382369995,0.0,0.0,0.035111311823129654,0.0,0.11056327819824219,0.025997310876846313,0.029583146795630455,0.0516958013176918,0.06185567006468773,0.0,0.0
21,A,0.20985810458660126,0.0,0.04719940200448036,0.0811052992939949,0.002091112779453397,0.016280805692076683,0.00791635550558567,0.0038834952283650637,0.26049289107322693,0.0059746080078184605,0.0,0.027035100385546684,0.1538461595773697,0.06437639892101288,0.00791635550558567,0.03883495181798935,0.06034354120492935,0.008215085603296757,0.0,0.00463032117113471
22,P,0.1051454171538353,0.0,0.20805369317531586,0.06263981759548187,0.0,0.0,0.0,0.0,0.0,0.0,0.0,0.052945561707019806,0.5712155103683472,0.0,0.0,0.0,0.0,0.0,0.0,0.0
23,D,0.03543447330594063,0.0,0.3096509873867035,0.007300569675862789,0.0,0.47560539841651917,0.012108261696994305,0.0,0.011930199339985847,0.0,0.0,0.05840455740690231,0.0,0.0,0.009437321685254574,0.06285612285137177,0.01727207936346531,0.0,0.0,0.0
24,G,0.1913914829492569,0.0,0.016757022589445114,0.033349763602018356,0.0,0.6369311809539795,0.0,0.0,0.01462132390588522,0.004599967040121555,0.0062428126111626625,0.03154263272881508,0.0325283408164978,0.0,0.0,0.023985542356967926,0.005749959032982588,0.0022999835200607777,0.0,0.0
25,T,0.0,0.0,0.0,0.17513267695903778,0.0,0.0,0.0,0.0,0.027293404564261436,0.0,0.0,0.028051553294062614,0.0,0.07581501454114914,0.11296436935663223,0.0,0.5807430148124695,0.0,0.0,0.0
26,E,0.0,0.0,0.3968842625617981,0.11275964230298996,0.0,0.0,0.0,0.0,0.014836795628070831,0.0,0.0,0.0,0.016320474445819855,0.09421364963054657,0.0,0.05267062410712242,0.1787833869457245,0.13353115320205688,0.0,0.0
27,I,0.0,0.0,0.021513354033231735,0.0,0.012611275538802147,0.0,0.0,0.6290801167488098,0.0,0.10459940880537033,0.0,0.07418397814035416,0.0,0.0,0.0,0.0,0.09421364963054657,0.0637982189655304,0.0,0.0
28,V,0.1637871414422989,0.0,0.0,0.0,0.0152038699015975,0.08776779472827911,0.0,0.33448514342308044,0.03317207843065262,0.0,0.0,0.0,0.0,0.055286798626184464,0.0,0.07809260487556458,0.0,0.23220455646514893,0.0,0.0
29,K,0.02350570820271969,0.0,0.0,0.0,0.0,0.21490933001041412,0.0,0.0,0.5493620038032532,0.0,0.0,0.0,0.0,0.0,0.17998656630516052,0.03223640099167824,0.0,0.0,0.0,0.0
30,G,0.07626191526651382,0.0,0.0093764653429389,0.031254883855581284,0.036411941051483154,0.20128144323825836,0.015314892865717411,0.0,0.3158305883407593,0.01015783753246069,0.0032817628234624863,0.03141115978360176,0.09532739222049713,0.031098609790205956,0.07938740402460098,0.02484763227403164,0.017815284430980682,0.02094077132642269,0.0,0.0
31,A,0.06378200650215149,0.0,0.022308729588985443,0.004641413222998381,0.0,0.14118880033493042,0.1883515566587448,0.019613714888691902,0.014073963277041912,0.00209612213075161,0.004491690546274185,0.3698158264160156,0.004341967403888702,0.024554574862122536,0.03308878466486931,0.06123671308159828,0.030393771827220917,0.016020363196730614,0.0,0.0
32,K,0.04330476000905037,0.0048773279413580894,0.0,0.012710612267255783,0.007094295229762793,0.11395211517810822,0.0,0.015666568651795387,0.5341413021087646,0.019657108932733536,0.02586461789906025,0.010198049247264862,0.0,0.0011823824606835842,0.1458764374256134,0.04862548038363457,0.012710612267255783,0.004138338845223188,0.0,0.0
33,T,0.059022169560194016,0.0,0.0,0.0020554985385388136,0.020848628133535385,0.0022023196797817945,0.003817354328930378,0.1328732967376709,0.024519160389900208,0.018646307289600372,0.016150344163179398,0.002936426317319274,0.0,0.05652620643377304,0.0,0.025840552523732185,0.2942299246788025,0.31992363929748535,0.014682131819427013,0.005726031493395567
34,G,0.006017907056957483,0.0,0.0,0.007926023565232754,0.0,0.9838544130325317,0.0,0.0,0.0,0.0,0.0,0.0,0.0,0.0,0.0,0.0,0.0022016733419150114,0.0,0.0,0.0
35,P,0.0,0.0,0.0,0.0,0.0,0.0,0.0,0.0,0.0,0.0056221336126327515,0.0,0.0,0.9863885045051575,0.0,0.0,0.0,0.007989347912371159,0.0,0.0,0.0
36,N,0.07610127329826355,0.0,0.012878676876425743,0.01858627237379551,0.0,0.0019025318324565887,0.08576028048992157,0.0016098346095532179,0.009951705113053322,0.00819552130997181,0.003366017946973443,0.4847065806388855,0.052831847220659256,0.014927557669579983,0.017708180472254753,0.10054148733615875,0.07346700131893158,0.028098931536078453,0.0,0.009366310201585293
37,L,0.0,0.0,0.0,0.0,0.003804506966844201,0.0,0.008486976847052574,0.0,0.0,0.9660521149635315,0.014925372786819935,0.0,0.0,0.006731050554662943,0.0,0.0,0.0,0.0,0.0,0.0
38,Y,0.03569861128926277,0.007900511845946312,0.005705925170332193,0.0073152887634932995,0.13123628497123718,0.037746891379356384,0.11748354136943817,0.0,0.017117775976657867,0.01843452826142311,0.01726408116519451,0.1309436708688736,0.0,0.009217264130711555,0.007461594883352518,0.0373079739511013,0.028675932437181473,0.019751280546188354,0.11997073888778687,0.25076809525489807
39,G,0.010404280386865139,0.0,0.05112960934638977,0.0014863257529214025,0.0,0.7959274649620056,0.004013079684227705,0.0,0.014268727973103523,0.00728299655020237,0.0,0.08799048513174057,0.0,0.006242568138986826,0.002972651505842805,0.013376932591199875,0.0,0.0,0.004904875066131353,0.0
40,V,0.024996323511004448,0.0,0.0,0.0,0.006763711106032133,0.0,0.0,0.25084546208381653,0.0,0.1995294839143753,0.013527422212064266,0.0,0.0,0.0,0.0,0.0,0.0044111162424087524,0.49992647767066956,0.0,0.0
41,V,0.029710251837968826,0.0,0.003971172031015158,0.0011766436509788036,0.2665097713470459,0.0055890572257339954,0.005883218254894018,0.08707162737846375,0.0,0.03544639050960541,0.013531401753425598,0.0010295631363987923,0.012060597538948059,0.0,0.0,0.0,0.003235769923776388,0.3932931423187256,0.024121195077896118,0.11737020313739777
42,G,0.001608187099918723,0.0,0.04517543688416481,0.021198829635977745,0.010526316240429878,0.8486841917037964,0.0,0.0,0.0,0.0,0.008625730872154236,0.05321637541055679,0.0,0.0,0.0024853800423443317,0.005994152277708054,0.0024853800423443317,0.0,0.0,0.0
43,R,0.048962291330099106,0.0,0.004823151044547558,0.017246419563889503,0.0,0.001607717014849186,0.020169541239738464,0.0,0.01929260417819023,0.002046185312792659,0.0,0.011838643811643124,0.0029231219086796045,0.026746565476059914,0.8146740794181824,0.02294650673866272,0.002338497433811426,0.0,0.004384682979434729,0.0
44,T,0.042099107056856155,0.0,0.010086244903504848,0.033620815724134445,0.0,0.005554743576794863,0.054962724447250366,0.0,0.38006138801574707,0.0,0.008478292264044285,0.01651805266737938,0.11051016300916672,0.10422452539205551,0.0760122761130333,0.016810407862067223,0.13243678212165833,0.008624469861388206,0.0,0.0
45,A,0.38722407817840576,0.004531501326709986,0.0,0.0,0.0026311941910535097,0.010086244903504848,0.0013155970955267549,0.1555328220129013,0.026019588112831116,0.00891682505607605,0.021926619112491608,0.0,0.007747405208647251,0.006724162958562374,0.006431808229535818,0.12278906255960464,0.13024412095546722,0.10510159283876419,0.0027773717883974314,0.0
46,G,0.25200992822647095,0.0016079520573839545,0.0024850168265402317,0.010086244903504848,0.006139453500509262,0.7209472060203552,0.0016079520573839545,0.0,0.0,0.0,0.0,0.0,0.0,0.002192661864683032,0.0029235491529107094,0.0,0.0,0.0,0.0,0.0
47,T,0.07615845650434494,0.0,0.004092969000339508,0.09969303011894226,0.002192661864683032,0.03742143139243126,0.02543487772345543,0.029089314863085747,0.01534863281995058,0.020318666473031044,0.014617745764553547,0.0036544364411383867,0.0,0.15947960317134857,0.0017541295383125544,0.2672123908996582,0.21268820762634277,0.030843444168567657,0.0,0.0
48,Y,0.24203449487686157,0.0,0.00803858507424593,0.029231218621134758,0.016515638679265976,0.023677287623286247,0.027769658714532852,0.04691610485315323,0.014323296956717968,0.0936860591173172,0.032592810690402985,0.015200234018266201,0.0,0.037854429334402084,0.018561823293566704,0.04486992210149765,0.04282373562455177,0.25328850746154785,0.0,0.052616193890571594
49,P,0.20125482976436615,0.0,0.13416989147663116,0.2298905998468399,0.0,0.017535392194986343,0.0011261261533945799,0.007078506983816624,0.048101674765348434,0.002413127338513732,0.0,0.036196909844875336,0.2491956204175949,0.0059523810632526875,0.005791505798697472,0.02992277964949608,0.012870012782514095,0.018500642850995064,0.0,0.0
50,E,0.0042101978324353695,0.0,0.17480118572711945,0.029783252626657486,0.0035864650271832943,0.6571027636528015,0.0,0.0,0.009200062602758408,0.02526118792593479,0.0,0.052705440670251846,0.0,0.0,0.004054264631122351,0.025105254724621773,0.004522064700722694,0.0020271323155611753,0.0,0.007640729658305645
51,F,0.005146600306034088,0.0,0.0,0.0,0.5828135013580322,0.025265127420425415,0.0,0.0,0.0,0.0,0.0,0.015595758333802223,0.014348097145557404,0.0,0.0,0.0,0.0,0.0,0.0,0.3568309545516968
52,K,0.14067374169826508,0.016531502828001976,0.021834060549736023,0.0,0.0,0.04320025071501732,0.014348097145557404,0.0,0.23003743588924408,0.020274484530091286,0.002339363796636462,0.09669370204210281,0.04429195076227188,0.006238303147256374,0.08312539011240005,0.22707423567771912,0.04538365453481674,0.00795383658260107,0.0,0.0
53,Y,0.0,0.0,0.0,0.0,0.06409856677055359,0.0,0.0029631939250975847,0.0,0.0,0.01980661228299141,0.0,0.0,0.015595758333802223,0.0,0.0,0.0,0.0,0.0,0.0021834061481058598,0.8953524827957153
54,K,0.009046950377523899,0.0,0.0,0.0,0.015598190948367119,0.055529557168483734,0.0,0.0,0.024333177134394646,0.0,0.00842302292585373,0.030104508623480797,0.0040555293671786785,0.0,0.0,0.6930276155471802,0.15988145768642426,0.0,0.0,0.0
55,D,0.11055668443441391,0.0,0.34336504340171814,0.09932948648929596,0.002183065749704838,0.027132388204336166,0.0,0.003274598391726613,0.14392639696598053,0.019803524017333984,0.0,0.02167472243309021,0.12069234251976013,0.04444098100066185,0.012630593962967396,0.03274598345160484,0.015905192121863365,0.0023389989510178566,0.0,0.0
56,S,0.6188806295394897,0.0,0.020312728360295296,0.0,0.0,0.09527985006570816,0.0,0.010083296336233616,0.0,0.05260850489139557,0.018559111282229424,0.003945637959986925,0.018997516483068466,0.0036533684469759464,0.0,0.08461201190948486,0.02645038813352585,0.04164839908480644,0.004968581255525351,0.0
57,I,0.0042329588904976845,0.0,0.014012552797794342,0.06261859834194183,0.03211209923028946,0.0,0.0230623260140419,0.0687490850687027,0.0,0.2993723452091217,0.17077799141407013,0.244489848613739,0.0,0.0,0.0,0.03765873610973358,0.01853743940591812,0.01138519961386919,0.0,0.012990804389119148
58,V,0.04234194755554199,0.0,0.002920134225860238,0.017082786187529564,0.0,0.0,0.061030808836221695,0.04613812267780304,0.4961308240890503,0.061906848102808,0.007738356012851,0.002336107427254319,0.019564900547266006,0.031245436519384384,0.051102351397275925,0.018688859418034554,0.03445758670568466,0.10731493681669235,0.0,0.0
59,A,0.2901729345321655,0.0,0.10291016101837158,0.25052720308303833,0.0,0.0,0.016870519146323204,0.0,0.057359762489795685,0.0,0.012231126427650452,0.06284268200397491,0.0,0.004217629786580801,0.03416280075907707,0.15352171659469604,0.008435259573161602,0.006748207379132509,0.0,0.0
60,L,0.2996223270893097,0.0,0.0,0.0,0.059588752686977386,0.012169534340500832,0.019303398206830025,0.0,0.0658833384513855,0.12840956449508667,0.18925723433494568,0.0566512793302536,0.0,0.007133864797651768,0.006714225746691227,0.054133445024490356,0.00839278195053339,0.0793117955327034,0.004196390975266695,0.009232060052454472
61,G,0.15627530217170715,0.0,0.0,0.03238866478204727,0.004048583097755909,0.529959499835968,0.0,0.0,0.171659916639328,0.0,0.019838057458400726,0.020647773519158363,0.0,0.0,0.005668016150593758,0.04777327924966812,0.0,0.0,0.0,0.011740890331566334
62,A,0.19023743271827698,0.0,0.03185370936989784,0.1964312046766281,0.0,0.05972570553421974,0.006193776614964008,0.0038342426996678114,0.1302167773246765,0.0,0.0,0.23536351323127747,0.0011797669576480985,0.03613036498427391,0.015336970798671246,0.07299808412790298,0.0191712137311697,0.0013272378128021955,0.0,0.0
63,S,0.16308949887752533,0.0,0.022777047008275986,0.03153745085000992,0.010804496705532074,0.025405168533325195,0.02146298810839653,0.0026281208265572786,0.24952547252178192,0.02146298810839653,0.025843188166618347,0.020732954144477844,0.06263688206672668,0.002920134225860238,0.022339027374982834,0.2606219947338104,0.009636443108320236,0.010512483306229115,0.0036501679569482803,0.03241349011659622
64,G,0.04439252242445946,0.009783878922462463,0.13682827353477478,0.015478972345590591,0.0,0.6318632960319519,0.01197429932653904,0.0,0.026285046711564064,0.0,0.0,0.034462615847587585,0.020589953288435936,0.005110981408506632,0.006571261677891016,0.02847546711564064,0.025262851268053055,0.002920560771599412,0.0,0.0
65,F,0.0029192818328738213,0.0,0.0065683843567967415,0.014304481446743011,0.0653919130563736,0.0817398950457573,0.002335425466299057,0.27266091108322144,0.06933294236660004,0.2587943375110626,0.034447524696588516,0.0017515690997242928,0.007590132765471935,0.0058385636657476425,0.0230623260140419,0.002335425466299057,0.006860312540084124,0.11720916628837585,0.018683403730392456,0.0081739891320467
66,A,0.05782710388302803,0.0,0.024532711133360863,0.03314836323261261,0.0,0.0,0.01752336509525776,0.11857476830482483,0.03957359865307808,0.019859813153743744,0.004526868928223848,0.03125,0.0,0.0075934580527246,0.007885513827204704,0.00876168254762888,0.3108936846256256,0.31323012709617615,0.0,0.00481892516836524
67,W,0.0,0.0,0.0,0.0,0.0,0.0,0.0,0.019270073622465134,0.0,0.004379562102258205,0.0,0.0,0.0,0.0,0.0,0.0,0.0,0.0,0.9763503670692444,0.0
68,T,0.002919707912951708,0.0,0.31518247723579407,0.025109488517045975,0.0,0.07605839520692825,0.0023357663303613663,0.0,0.0046715326607227325,0.0,0.0,0.11678832024335861,0.0,0.004233576823025942,0.0,0.07036496698856354,0.38233575224876404,0.0,0.0,0.0
69,E,0.09484777599573135,0.0,0.1169496476650238,0.45521077513694763,0.04991217702627182,0.0011709601385518909,0.006293911021202803,0.0020491802133619785,0.021955503150820732,0.018003512173891068,0.008196720853447914,0.008489461615681648,0.07742974162101746,0.02883489429950714,0.031323183327913284,0.006879391148686409,0.013905152678489685,0.006147541105747223,0.012148711830377579,0.04025175794959068
70,E,0.27781030535697937,0.0,0.17740046977996826,0.3003512918949127,0.0,0.0182962529361248,0.007464871276170015,0.0,0.022687353193759918,0.0010245901066809893,0.002195550361648202,0.0526932068169117,0.0048302109353244305,0.03790983557701111,0.02678571455180645,0.02107728272676468,0.014197892509400845,0.0352751761674881,0.0,0.0
71,D,0.06529058516025543,0.0,0.1188698559999466,0.09588640183210373,0.0,0.0,0.03381642326712608,0.012443273328244686,0.02327624149620533,0.015810277312994003,0.019323671236634254,0.19470062851905823,0.0,0.021958718076348305,0.02254428341984749,0.06075245141983032,0.30229833722114563,0.01302883867174387,0.0,0.0
72,I,0.0,0.0,0.0,0.0,0.05483870953321457,0.0,0.0,0.12536656856536865,0.01011730171740055,0.7124633193016052,0.07492668926715851,0.0,0.0,0.0,0.0,0.0,0.0,0.022287389263510704,0.0,0.0
73,A,0.08942731469869614,0.0,0.16064611077308655,0.028487518429756165,0.08678413927555084,0.006314243655651808,0.0022026430815458298,0.10044053196907043,0.0303964763879776,0.014537445269525051,0.11071953177452087,0.10146842896938324,0.0,0.008223201148211956,0.025403818115592003,0.06475771218538284,0.04684287682175636,0.05183553695678711,0.019089573994278908,0.0524229072034359
74,T,0.1925392895936966,0.0,0.05962696298956871,0.27860185503959656,0.0,0.046115435659885406,0.022617124021053314,0.008665001951158047,0.08723747730255127,0.003818475641310215,0.0023498311638832092,0.025113819167017937,0.005433984566479921,0.04582170769572258,0.10603612661361694,0.017476869747042656,0.059920694679021835,0.027023058384656906,0.0,0.011602290906012058
75,Y,0.0,0.0,0.0,0.0,0.2705242931842804,0.0,0.005580849014222622,0.0,0.0,0.03466000780463219,0.0,0.0,0.0,0.0,0.0,0.0,0.0,0.00499339122325182,0.07122925668954849,0.6130121946334839
76,V,0.0,0.0,0.020212452858686447,0.0,0.04721156507730484,0.0,0.0,0.09560342133045197,0.0,0.6212747097015381,0.04071997478604317,0.0,0.0,0.0,0.0,0.004868692718446255,0.012245500460267067,0.15786367654800415,0.0,0.0
77,K,0.1462911069393158,0.0,0.005898835137486458,0.22504055500030518,0.013862262479960918,0.002359533915296197,0.01120778638869524,0.025364991277456284,0.10278719663619995,0.06120041385293007,0.0010322961024940014,0.008258368819952011,0.040701963007450104,0.0638548880815506,0.02241557277739048,0.051614806056022644,0.18197906017303467,0.008405840024352074,0.0,0.027724524959921837
78,D,0.04735211655497551,0.0,0.30638736486434937,0.013423808850347996,0.0,0.06534887105226517,0.015193981118500233,0.004867974668741226,0.09780203551054001,0.003982888534665108,0.0,0.35964006185531616,0.0,0.01106357853859663,0.0,0.07110193371772766,0.0038353740237653255,0.0,0.0,0.0
79,P,0.021912051364779472,0.0,0.0,0.0,0.0,0.0,0.0,0.0,0.0051028067246079445,0.0,0.0,0.012006603181362152,0.9369653463363647,0.0,0.0,0.01876031793653965,0.0052528888918459415,0.0,0.0,0.0
80,G,0.04420958459377289,0.0,0.04614468663930893,0.02709139697253704,0.0,0.030812742188572884,0.002083953469991684,0.01399225927889347,0.4888359606266022,0.00520988367497921,0.00759154511615634,0.049270614981651306,0.0,0.08112533390522003,0.0788925290107727,0.04956832528114319,0.07011014968156815,0.005061029922217131,0.0,0.0
81,A,0.19637061655521393,0.0,0.044555917382240295,0.04544113203883171,0.0,0.08498082309961319,0.010475066490471363,0.005606373772025108,0.3387430012226105,0.016081439331173897,0.007081734947860241,0.008852168917655945,0.08129241317510605,0.042490411549806595,0.012835645116865635,0.05473591014742851,0.020359987393021584,0.019917380064725876,0.0,0.010179993696510792
82,F,0.037337660789489746,0.00796930305659771,0.00796930305659771,0.003984651528298855,0.2445395439863205,0.0017709563253447413,0.04043683409690857,0.009002361446619034,0.037927981466054916,0.04161747172474861,0.028187721967697144,0.0014757969183847308,0.001033057807944715,0.0,0.0,0.0,0.05667060241103172,0.0627213716506958,0.10965171456336975,0.3077036738395691
83,L,0.07586716115474701,0.0,0.0,0.0017712176777422428,0.03483394905924797,0.0,0.0,0.35217711329460144,0.0,0.24339483678340912,0.03985239937901497,0.0,0.0,0.0,0.0,0.001623616204597056,0.03276752680540085,0.21608856320381165,0.0,0.001623616204597056
84,K,0.00516605144366622,0.0,0.01195571944117546,0.02066420577466488,0.0,0.001476014731451869,0.0019188191508874297,0.0020664206240326166,0.1750553548336029,0.010922509245574474,0.0,0.009741697460412979,0.5421402454376221,0.022730628028512,0.07970479875802994,0.03498154878616333,0.004132841248065233,0.0773431733250618,0.0,0.0
85,E,0.02567886747419834,0.0,0.01593860611319542,0.06788665801286697,0.0,0.672520637512207,0.015643447637557983,0.0,0.12293388694524765,0.0,0.0,0.01593860611319542,0.0,0.0,0.017709562554955482,0.014757969416677952,0.010182999074459076,0.0019185360288247466,0.0,0.018890200182795525
86,K,0.025094103068113327,0.0,0.0,0.0,0.1819322407245636,0.0,0.012547051534056664,0.0,0.1888331174850464,0.0,0.36260977387428284,0.0,0.0,0.0,0.0,0.0,0.033249687403440475,0.042032621800899506,0.0,0.15370137989521027
87,L,0.02405291609466076,0.0,0.0,0.0,0.020444978028535843,0.0,0.0,0.0,0.0781719759106636,0.3974744379520416,0.0,0.0,0.0,0.0,0.0,0.021647624671459198,0.42152735590934753,0.03668069839477539,0.0,0.0
88,D,0.01923076994717121,0.0,0.48617789149284363,0.06310096383094788,0.0,0.1820913404226303,0.0,0.0,0.0,0.02163461595773697,0.0,0.05649038404226303,0.0,0.013822115026414394,0.0,0.0,0.15745192766189575,0.0,0.0,0.0
89,D,0.02101576142013073,0.0,0.7886748313903809,0.06421482563018799,0.0,0.0,0.0,0.0,0.01984822005033493,0.0,0.0,0.05137186124920845,0.054874490946531296,0.0,0.0,0.0,0.0,0.0,0.0,0.0
90,K,0.14535902440547943,0.0,0.050788089632987976,0.0,0.0,0.02101576142013073,0.0,0.0,0.5411558747291565,0.0,0.0,0.02918855845928192,0.05896088853478432,0.054874490946531296,0.021599533036351204,0.06771745532751083,0.009340338408946991,0.0,0.0,0.0
91,K,0.08328884094953537,0.02616123855113983,0.0,0.0,0.0,0.2770955562591553,0.0,0.0,0.33796048164367676,0.0,0.0,0.09236519038677216,0.0,0.0,0.019754404202103615,0.029364654794335365,0.052856381982564926,0.08115322887897491,0.0,0.0
92,A,0.6067236065864563,0.0,0.0,0.026147278025746346,0.0,0.1910352259874344,0.0,0.0,0.018143009394407272,0.02134471759200096,0.0,0.0,0.0,0.0,0.049626465886831284,0.050160083919763565,0.036819636821746826,0.0,0.0,0.0
93,K,0.017830608412623405,0.0,0.0,0.0,0.0,0.0,0.014363545924425125,0.02426944114267826,0.5884100794792175,0.0,0.02872709184885025,0.04358593374490738,0.0,0.0,0.1367013305425644,0.114908367395401,0.0,0.03120356611907482,0.0,0.0
94,T,0.00252825696952641,0.007138608023524284,0.0077334921807050705,0.0,0.007287329062819481,0.04922664910554886,0.0,0.035544317215681076,0.0,0.0,0.001784652005881071,0.07450921833515167,0.0,0.0,0.0,0.07123735547065735,0.7259072065353394,0.008477097377181053,0.00862581841647625,0.0
95,G,0.047562602907419205,0.0,0.0048896134831011295,0.0037042524199932814,0.0,0.060453400015830994,0.005334123503416777,0.0035560824908316135,0.6670618057250977,0.01037190668284893,0.0,0.010816417634487152,0.0,0.010668247006833553,0.1327604055404663,0.015409690327942371,0.017632242292165756,0.004593273159116507,0.0,0.005185953341424465
96,M,0.005987127777189016,0.0,0.0,0.0,0.0,0.007334231398999691,0.0,0.0,0.002694207476451993,0.008681335486471653,0.9741056561470032,0.0,0.0,0.0,0.0,0.0,0.001197425532154739,0.0,0.0,0.0
97,A,0.20355555415153503,0.0005925925797782838,0.002074074000120163,0.003407407319173217,0.017777778208255768,0.09970370680093765,0.0,0.10103704035282135,0.018074074760079384,0.02518518455326557,0.0,0.04533333331346512,0.06651851534843445,0.005037037190049887,0.017925925552845,0.10133333504199982,0.18044444918632507,0.1120000034570694,0.0,0.0
98,F,0.021929174661636353,0.0,0.0,0.013631649315357208,0.747221827507019,0.002518891589716077,0.011853608302772045,0.030967550352215767,0.0,0.008001185022294521,0.01052007731050253,0.018373092636466026,0.005037783179432154,0.005482293665409088,0.003407912328839302,0.01200177799910307,0.0,0.009334716014564037,0.0005926804151386023,0.09912579506635666
99,K,0.31153619289398193,0.0,0.012455515563488007,0.005634638015180826,0.0026690391823649406,0.010972716845571995,0.0,0.0,0.31153619289398193,0.0,0.005931198131293058,0.0274317916482687,0.05708778277039528,0.05293594300746918,0.07606761902570724,0.03529062867164612,0.0346975103020668,0.03825622797012329,0.007562277372926474,0.00993475690484047
100,L,0.015861250460147858,0.0,0.01200711540877819,0.004298843909054995,0.0,0.5569226145744324,0.0,0.0025200119707733393,0.06329676508903503,0.12570412456989288,0.07619330286979675,0.047880224883556366,0.004298843909054995,0.00681885564699769,0.035428401082754135,0.021197747439146042,0.010672991164028645,0.016898902133107185,0.0,0.0
101,A,0.12065378576517105,0.0,0.023922733962535858,0.13417533040046692,0.05497771129012108,0.0854383334517479,0.0,0.1998514086008072,0.03580980747938156,0.1436849981546402,0.015007429756224155,0.006240713410079479,0.092719167470932,0.0043090637773275375,0.008172362111508846,0.002971768146380782,0.00965824630111456,0.06240713223814964,0.0,0.0
102,K,0.040177907794713974,0.0,0.07175685465335846,0.11549295485019684,0.0,0.00504077086225152,0.0,0.0,0.49340251088142395,0.0,0.0,0.009191993623971939,0.012898443266749382,0.1532987356185913,0.03172720596194267,0.0434395857155323,0.0235730167478323,0.0,0.0,0.0
103,G,0.00859768781810999,0.0,0.4457456171512604,0.09116513282060623,0.0,0.038096651434898376,0.0,0.0,0.2453305721282959,0.0,0.0,0.12214645743370056,0.007115327753126621,0.028016602620482445,0.0,0.013785947114229202,0.0,0.0,0.0,0.0
104,G,0.0505409799516201,0.0,0.0,0.019267823547124863,0.0,0.03334815427660942,0.0,0.06328738480806351,0.02193567529320717,0.034978508949279785,0.00637320289388299,0.0,0.0,0.09782125055789948,0.6020453572273254,0.008151771500706673,0.008299984969198704,0.053949903696775436,0.0,0.0
105,E,0.5065012574195862,0.0,0.061724703758955,0.06336870789527893,0.0,0.013600358739495277,0.01569272205233574,0.01165745034813881,0.09774323552846909,0.009266178123652935,0.007173815742135048,0.05440143495798111,0.0,0.035271260887384415,0.0475265271961689,0.0050814528949558735,0.015543267130851746,0.0499177984893322,0.0,0.005529816262423992
106,D,0.15131875872612,0.004973624832928181,0.6452147960662842,0.006932931486517191,0.005877919960767031,0.0007535794866271317,0.002110022585839033,0.0,0.009947249665856361,0.0052750566974282265,0.0,0.10746043920516968,0.0,0.017935192212462425,0.0,0.03466465696692467,0.0,0.0013564431574195623,0.0,0.0061793518252670765
107,V,0.012507534585893154,0.0,0.0,0.0,0.0,0.0,0.0,0.15280289947986603,0.0,0.4293248951435089,0.01024713646620512,0.0,0.0,0.0,0.0,0.001959011424332857,0.0,0.39315852522850037,0.0,0.0
108,A,0.049879081547260284,0.0,0.0,0.003476420883089304,0.01405683159828186,0.0,0.0,0.5804111361503601,0.0033252721186727285,0.06151753291487694,0.004383313003927469,0.0,0.0,0.0,0.0028718258254230022,0.0061970981769263744,0.01224304735660553,0.21674728393554688,0.022823458537459373,0.022067714482545853
109,A,0.6707538366317749,0.0,0.036330606788396835,0.07644565403461456,0.0,0.01695428416132927,0.03436269983649254,0.0012110202806070447,0.02240387536585331,0.03829851746559143,0.0,0.0043899486772716045,0.0,0.0006055101403035223,0.013169845566153526,0.009990917518734932,0.057523462921381,0.01422948855906725,0.0,0.0033303056843578815
110,Y,0.0,0.0072738295421004295,0.0,0.0,0.20427337288856506,0.0,0.01727534458041191,0.0,0.0,0.0,0.0,0.0,0.0,0.0,0.0,0.0,0.0,0.0,0.019093802198767662,0.7520836591720581
111,L,0.0,0.0,0.0,0.0,0.005152295809239149,0.0,0.0,0.03788452968001366,0.0,0.9101378917694092,0.040006060153245926,0.0,0.0,0.0,0.0,0.0,0.0,0.006819215137511492,0.0,0.0
112,A,0.21842224895954132,0.0,0.017175862565636635,0.04529563710093498,0.0072959414683282375,0.0030399756506085396,0.01550387591123581,0.0,0.380452960729599,0.0036479707341641188,0.0030399756506085396,0.06991943717002869,0.0,0.06307949870824814,0.10077519714832306,0.038303691893815994,0.017327861860394478,0.016719866544008255,0.0,0.0
113,S,0.07626037299633026,0.0,0.01100829616189003,0.06860242784023285,0.0,0.0,0.0015954052796587348,0.0,0.103541798889637,0.0,0.003669432131573558,0.028557753190398216,0.0,0.1892150640487671,0.04435226693749428,0.20851945877075195,0.2646777331829071,0.0,0.0,0.0
114,V,0.0,0.0,0.0,0.0,0.0,0.0,0.0,0.0,0.0,0.0,0.0,0.0,0.0,0.0,0.0,0.0,0.0,1.0,0.0,0.0
115,V,0.0,0.0,0.0,0.0,0.0,0.0,0.0,0.0,0.0,0.0,0.0,0.0,0.0,0.0,0.0,0.0,0.0,1.0,0.0,0.0
116,K,0.0,0.0,0.0,0.0,0.0,0.0,0.0,0.0,1.0,0.0,0.0,0.0,0.0,0.0,0.0,0.0,0.0,0.0,0.0,0.0
