RES_NUM,AMINO_ACID,A,C,D,E,F,G,H,I,K,L,M,N,P,Q,R,S,T,V,W,Y
1,M,0.0,0.0,0.0,0.0,0.0,0.0,0.0,0.0,0.0,0.0,1.0,0.0,0.0,0.0,0.0,0.0,0.0,0.0,0.0,0.0
2,I,0.0,0.0,0.0,0.0,0.0,0.0,0.0,1.0,0.0,0.0,0.0,0.0,0.0,0.0,0.0,0.0,0.0,0.0,0.0,0.0
3,P,0.0,0.0,0.0,0.0,0.0,0.0,0.9207161068916321,0.0,0.0,0.0,0.0,0.0,0.07928388565778732,0.0,0.0,0.0,0.0,0.0,0.0,0.0
4,K,0.03254972770810127,0.0,0.0,0.0,0.0,0.0,0.0,0.0,0.14104881882667542,0.0,0.0,0.6202531456947327,0.0,0.19529837369918823,0.0,0.010849909856915474,0.0,0.0,0.0,0.0
5,T,0.03296089544892311,0.0,0.0,0.014525139704346657,0.0,0.0,0.015642458572983742,0.03351955488324165,0.037988826632499695,0.0,0.035754188895225525,0.018994413316249847,0.0,0.0301675982773304,0.07541899383068085,0.25027933716773987,0.22513966262340546,0.2296089380979538,0.0,0.0
6,K,0.0026393928565084934,0.0,0.005278785713016987,0.03002309426665306,0.0,0.0,0.004783899523317814,0.0,0.5605410933494568,0.0,0.0,0.033982183784246445,0.0,0.064170241355896,0.049158692359924316,0.2307819128036499,0.018640711903572083,0.0,0.0,0.0
7,A,0.02743673324584961,0.026685040444135666,0.0007516912883147597,0.028438987210392952,0.36519670486450195,0.00037584564415737987,0.027311449870467186,0.05462289974093437,0.024555249139666557,0.13442745804786682,0.009020295925438404,0.016036082059144974,0.01779002696275711,0.1022300198674202,0.013029315508902073,0.0015033825766295195,0.013530443422496319,0.04084189608693123,0.0,0.09621648490428925
8,E,0.022248350083827972,0.0,0.32070180773735046,0.14226281642913818,0.0,0.015103554353117943,0.052817218005657196,0.0017183684976771474,0.07063398510217667,0.0,0.0003617617767304182,0.06376051157712936,0.0012661662185564637,0.0200777780264616,0.007506556808948517,0.1435289829969406,0.03454824909567833,0.10237858444452286,0.0,0.0010852853301912546
9,G,0.01273066271096468,0.0,0.096765898168087,0.019031697884202003,0.0,0.47244903445243835,0.013052144087851048,0.0,0.19578216969966888,0.04294991493225098,0.013309329748153687,0.011187552474439144,0.0003857776755467057,0.014209477230906487,0.056130651384592056,0.025075547397136688,0.02076769806444645,0.0003857776755467057,0.0,0.00578666478395462
10,V,0.030476190149784088,0.08259740471839905,0.0004040404164697975,0.049696970731019974,0.03855699673295021,0.0,0.0060606058686971664,0.1146320328116417,0.005425685551017523,0.03976912051439285,0.019682539626955986,0.0009812409989535809,0.0021356421057134867,0.0019624819979071617,0.0014430014416575432,0.07965368032455444,0.07480519264936447,0.40963923931121826,0.001385281328111887,0.04069264233112335
11,P,0.01778978481888771,0.0003568151732906699,0.22357019782066345,0.37521663308143616,0.0,0.01753491722047329,0.004128861241042614,0.0,0.04322560876607895,0.0,0.00020389437850099057,0.07702109962701797,0.0688653290271759,0.058670610189437866,0.0006116831209510565,0.03450912609696388,0.01620960421860218,0.0,0.06055663153529167,0.001529207918792963
12,D,0.0,0.0,0.9652735590934753,0.005653139669448137,0.0,0.0,0.0006056934944353998,0.0,0.0028770442586392164,0.0,0.0,0.02478295937180519,0.0,0.0,0.0,0.0,0.0,0.0008075913647189736,0.0,0.0
13,F,0.00417673122137785,0.0012580514885485172,0.0,0.0,0.07467793673276901,0.0,0.0,0.012530193664133549,0.0,0.3910024166107178,0.34692028164863586,0.09697061032056808,0.0,0.000352254428435117,0.0,0.06189613416790962,0.0013083736412227154,0.008907005190849304,0.0,0.0
14,V,0.279975950717926,0.08264049142599106,0.0,0.0,0.002754682907834649,0.007162175606936216,0.0,0.060903534293174744,0.0,0.027196234092116356,0.0238405279815197,0.0,0.0,0.0,0.00025042571360245347,0.12431132793426514,0.17935490608215332,0.21090854704380035,0.0,0.0007011920097284019
15,L,0.061754073947668076,0.0016837518196552992,0.0406576544046402,0.12217105180025101,0.0071807061322033405,0.011291041038930416,0.01956123486161232,0.00034665479324758053,0.09349774569272995,0.22547417879104614,0.09102164208889008,0.06670628488063812,0.0,0.06952904164791107,0.033625513315200806,0.0964195504784584,0.05293913558125496,0.0050017330795526505,0.0,0.0011390085564926267
16,L,0.0,0.0,0.0,0.0,0.004489171784371138,0.0,0.0,0.023580484092235565,0.0,0.8704059720039368,0.0842583030462265,0.0,0.0,0.0,0.0,0.0010852942941710353,0.0,0.016180749982595444,0.0,0.0
17,N,0.022644301876425743,0.0,0.09245190024375916,0.13162308931350708,0.0,0.03576714172959328,0.0,0.07261963188648224,0.019289590418338776,0.012925505638122559,0.023038974031805992,0.016970893368124962,0.0779477059841156,0.047903306782245636,0.05456339567899704,0.15263937413692474,0.21968425810337067,0.01993093267083168,0.0,0.0
18,Q,0.008087183348834515,0.062379803508520126,0.06805068999528885,0.06918486952781677,0.045416440814733505,0.0,0.17052122950553894,0.0035504710394889116,0.028551703318953514,0.0028601016383618116,0.005966763477772474,0.12845800817012787,0.04068247973918915,0.04166872054338455,0.0005917451344430447,0.02174663357436657,0.011982839554548264,0.05734996870160103,0.0,0.2329503446817398
19,I,0.0024628115352243185,0.03935572877526283,0.0,0.0,0.021426459774374962,0.0005910747568123043,0.0015269431751221418,0.06329425424337387,0.00029553737840615213,0.7334745526313782,0.019801005721092224,0.00014776868920307606,0.017239680513739586,0.003250911133363843,0.0,0.0,0.030785145238041878,0.05127573758363724,0.0,0.015072406269609928
20,T,0.0032038644421845675,0.012716877274215221,0.030116325244307518,0.003450315445661545,0.0,0.0,0.16260844469070435,0.0005914826760999858,0.0,0.0,0.0010843848576769233,0.4964018166065216,0.00014787066902499646,0.005076892673969269,0.0,0.14865930378437042,0.13106270134449005,0.004485410172492266,0.0,0.0003943217743653804
21,E,0.0010803908808156848,0.00029465206898748875,0.057948239147663116,0.7448804378509521,0.0,0.004321563523262739,0.004517998546361923,0.01826842874288559,0.0010803908808156848,0.010754800401628017,0.017040710896253586,0.013848647475242615,0.07754260301589966,0.015862103551626205,0.0,0.0221480131149292,0.006531454157084227,0.003879585536196828,0.0,0.0
22,N,0.3045675456523895,0.015552176162600517,0.08036108314990997,0.07854584604501724,0.00029436295153573155,0.049698278307914734,0.038365304470062256,0.0,0.015208752825856209,0.0,0.0,0.024824608117341995,0.24814796447753906,0.004366383887827396,0.014129421673715115,0.11018986254930496,0.006377863697707653,0.008045920170843601,0.0,0.0013246332528069615
23,A,0.19347558915615082,0.0071130734868347645,0.010841304436326027,0.041010547429323196,0.0,0.11268088966608047,0.0005396124324761331,0.003482953179627657,0.0039244540967047215,0.002747118007391691,0.0014716703444719315,0.10144714266061783,0.0025999508798122406,0.0013245033333078027,0.0,0.401716947555542,0.109296053647995,0.00632818229496479,0.0,0.0
24,F,0.006845989730209112,0.0,0.0,0.0,0.1458050161600113,0.0,0.0,0.19455234706401825,0.0,0.13852204382419586,0.0024762090761214495,0.0,0.0,0.0,0.0,0.0,0.001553699723444879,0.5102447271347046,0.0,0.0
25,I,0.005262903869152069,0.0025590267032384872,0.0,0.0,0.004200666211545467,0.0,0.0007725363248027861,0.13886339962482452,0.001351938582956791,0.6503307223320007,0.07667423039674759,0.0058905896730721,9.656704060034826e-05,0.0,0.0006759692914783955,0.036164358258247375,0.03191540762782097,0.04524165764451027,0.0,0.0
26,E,0.013832658529281616,0.004867939278483391,0.08969539403915405,0.13798920810222626,0.02501446008682251,0.010362444445490837,0.29487180709838867,0.0048197414726018906,0.025351841002702713,0.015230383723974228,0.0007711586658842862,0.11996337026357651,0.00024098707945086062,0.04612492769956589,0.06892230361700058,0.015519567765295506,0.00019278966647107154,0.002265278482809663,0.002747252816334367,0.12121650576591492
27,N,0.045049384236335754,0.03579860180616379,0.0004336304555181414,0.019465189427137375,0.00438448553904891,0.0,0.037870392203330994,0.005444471258670092,0.0007227174355648458,0.004480848088860512,0.0352204293012619,0.6229824423789978,0.0,0.035316791385412216,0.0,0.06889905780553818,0.059889182448387146,0.016092507168650627,0.0070344493724405766,0.0009154420695267618
28,L,0.0,0.0010577432112768292,0.0,0.0,0.0,0.0,0.0,0.1890956312417984,0.0,0.7785470485687256,0.010096639394760132,0.00048079233965836465,0.0,0.0,0.00014423771062865853,0.0,0.0,0.020577913150191307,0.0,0.0
29,T,0.023742010816931725,0.000817032705526799,0.00043254674528725445,0.01759023405611515,0.013553131371736526,0.04402364417910576,0.09064257144927979,0.002547219628468156,0.29062333703041077,0.02686595916748047,0.006103714928030968,0.041043877601623535,0.0,0.1203441172838211,0.23809294402599335,0.017109626904129982,0.004373528063297272,0.0,0.0016821261961013079,0.06041236221790314
30,M,0.033928483724594116,0.005967563483864069,0.038500409573316574,0.1584773063659668,0.0,0.011309495195746422,0.02088647149503231,0.05043553560972214,0.14865970611572266,0.09937918186187744,0.003753789933398366,0.03031907230615616,0.0002406275598332286,0.20592905580997467,0.034602243453264236,0.043553587049245834,0.03546850010752678,0.07608643174171448,0.0,0.0025025266222655773
31,R,0.0020985358860343695,0.016788287088274956,0.0,0.0,0.0,0.0002384699764661491,0.0002861639659386128,0.0,0.0,0.0,0.0,0.0,0.0,0.0,0.9744837284088135,0.006104831583797932,0.0,0.0,0.0,0.0
32,H,0.01200686115771532,0.03344768285751343,0.0,0.0,0.2966457009315491,0.0,0.013483895920217037,0.0030970077496021986,0.0,0.017200304195284843,0.0005717552849091589,0.0,0.0,0.0,0.0,0.0,0.0,0.0,0.0011435105698183179,0.6224032640457153
33,K,0.14383038878440857,0.0028108623810112476,0.09447355568408966,0.0970938578248024,0.01753215864300728,0.058837540447711945,0.035921867936849594,0.0010481181088835,0.14587898552417755,0.030347784981131554,0.0431157685816288,0.08875655382871628,0.0,0.044545020908117294,0.058837540447711945,0.04330633580684662,0.017770366743206978,0.00876607932150364,0.0,0.06712720543146133
34,S,0.14596980810165405,0.002658311976119876,0.05098262429237366,0.06902117282152176,0.004794455599039793,0.029668660834431648,0.020412039011716843,0.03038070909678936,0.14516282081604004,0.038498055189847946,0.02017468959093094,0.09944935142993927,0.0,0.08672742545604706,0.10609512776136398,0.1431216150522232,0.0018038545968011022,0.0014240957098081708,0.0,0.003655178938060999
35,D,0.00939769297838211,0.0,0.2697802484035492,0.03070862405002117,0.004271678626537323,0.1903744786977768,0.03469552472233772,0.0,0.034078504890203476,0.015947600826621056,0.0034173429012298584,0.26669514179229736,0.0,0.028145616874098778,0.0095875458791852,0.020171815529465675,0.0004271678626537323,0.00033224167418666184,0.06706535816192627,0.014903412200510502
36,N,0.007829924114048481,0.05148768424987793,0.0009016277035698295,0.08470554649829865,0.035543110221624374,0.00042708677938207984,0.050680965185165405,0.0266217440366745,0.10530062019824982,0.3076923191547394,0.08465809375047684,0.01955108344554901,0.014900583773851395,0.07644853740930557,0.0558534599840641,0.015422578901052475,0.01637165993452072,0.024296492338180542,0.0,0.02130688540637493
37,I,0.0011863522231578827,0.03881744295358658,0.0,0.0,0.028662269935011864,0.0,0.0030370615422725677,0.7908223867416382,0.0,0.011673705652356148,0.015564940869808197,0.0,0.03653964772820473,0.0026099749375134706,0.00018981634639203548,0.003606510814279318,0.007023205049335957,0.026906467974185944,0.0,0.03336022421717644
38,Y,0.0,0.0011843850370496511,0.0,0.0,0.05315520241856575,0.0,0.07423725724220276,0.0,0.0,0.01373886689543724,0.0,0.0,0.0,0.0011370097054168582,0.0,0.0013738867128267884,0.0,0.0,0.006064051762223244,0.8491093516349792
39,T,0.0003272710309829563,0.0,0.0,0.0,0.004581794608384371,0.0,0.0,0.0010753191309049726,0.0,0.0046753003261983395,0.0026181682478636503,0.0,0.0,0.0,0.0,0.041189394891262054,0.9442236423492432,0.0013090841239318252,0.0,0.0
40,Y,0.0026652950327843428,0.008931076154112816,0.0,0.0,0.138688862323761,0.0,0.04652576521039009,0.004722715821117163,0.041756290942430496,0.005190311465412378,0.00032731692772358656,0.0543346107006073,0.00023379780759569257,0.0022444589994847775,0.00897783599793911,0.012999158352613449,0.006639857776463032,0.0,0.003927803132683039,0.6618348360061646
41,I,0.13299740850925446,0.03212832659482956,0.0,0.0,0.0,0.009569156914949417,0.013128697872161865,0.32835614681243896,0.0011556952958926558,0.010308802127838135,0.03189719095826149,0.0,0.0,0.0,0.004252958577126265,0.23867419362068176,0.09938979148864746,0.0981416404247284,0.0,0.0
42,G,0.03974789381027222,0.0011961172567680478,0.004048396833240986,0.003772369585931301,0.0,0.9374338388442993,0.0,0.0,0.0,0.0,0.0,0.0,0.0,0.0,0.0005980586283840239,0.012007176876068115,0.0,0.0011961172567680478,0.0,0.0
43,D,0.004231830593198538,0.012465501204133034,0.06076356768608093,0.04737810418009758,0.0003679852816276252,0.01867525279521942,0.015179392881691456,0.06085556745529175,0.012327507138252258,0.16692732274532318,0.0,0.09811407327651978,0.21568536758422852,0.0030818767845630646,0.010901563800871372,0.14116835594177246,0.08426862955093384,0.0,0.0,0.04760809615254402
44,V,0.0,0.0038627793546766043,0.0068978201597929,0.0,0.18343603610992432,0.0,0.0,0.3306815028190613,0.0009656948386691511,0.11569944024085999,0.010622642934322357,0.04451393336057663,0.0,0.004828474018722773,0.0,0.053251173347234726,0.04009933024644852,0.20514117181301117,0.0,0.0
45,V,0.0037249941378831863,0.15042538940906525,0.0,0.0,0.003495056414976716,0.0,0.0,0.00708208791911602,0.0,0.7214992046356201,0.031501494348049164,0.0,0.0,0.0,0.000137962750159204,0.0,0.0,0.08213382214307785,0.0,0.0
46,I,0.045851729810237885,0.0,0.0,0.0,0.004231052473187447,0.00013796909479424357,0.0,0.310844361782074,0.0,0.1628495156764984,0.0010117733618244529,0.0,0.0,0.0,0.0,0.0,0.000321927887853235,0.473739892244339,0.0010117733618244529,0.0
47,S,0.4101172685623169,0.0054725222289562225,0.0,0.0,0.05789836868643761,0.001011726795695722,0.0,0.017337318509817123,0.0,0.020602436736226082,0.002529317047446966,0.0,0.0,0.0,0.0,0.24557369947433472,0.07325822114944458,0.15580593049526215,0.0,0.010393193922936916
48,T,0.0022539098281413317,0.0,0.0010119595099240541,0.0,0.011315546929836273,0.0,0.0,0.296918123960495,0.0,0.13771849870681763,0.030910763889551163,0.0,0.0,0.00032198711414821446,0.0005059797549620271,0.0,0.013477460481226444,0.5055657625198364,0.0,0.0
49,N,0.0038627793546766043,0.0,0.00018394186918158084,0.0,0.0,0.00344891007989645,0.0,0.0,0.0034948955290019512,0.032281797379255295,0.0,0.929412305355072,0.0,0.0079095009714365,0.0040007359348237514,0.003816793905571103,0.0,0.0,0.01158833783119917,0.0
50,P,0.0,0.0,0.0,0.0,0.0,0.0,0.0,0.0,0.0,0.0038399999029934406,0.0,0.0008685714565217495,0.9867428541183472,0.0,0.0,0.003474285826086998,0.00507428590208292,0.0,0.0,0.0
51,F,0.0,0.0015999999595806003,0.0,0.0,0.23442286252975464,0.006537142675369978,0.0021028572227805853,0.022765714675188065,0.01988571509718895,0.00937142875045538,0.02395428530871868,0.015359999611973763,0.012662856839597225,0.0013257142854854465,0.05284571275115013,0.003474285826086998,0.0,0.00507428590208292,0.0006857143016532063,0.5879314541816711
52,K,0.02923949807882309,0.012080168351531029,0.014230804517865181,0.07842957973480225,0.009746499359607697,0.012446234002709389,0.041548456996679306,0.02905646525323391,0.45625513792037964,0.003889448242262006,0.0019218450179323554,0.008694060146808624,0.005033403635025024,0.09540587663650513,0.07499771565198898,0.035508375614881516,0.054360758513212204,0.03212226554751396,0.0,0.005033403635025024
53,N,0.0400402694940567,0.0,0.0538141205906868,0.09211549907922745,0.03921658173203468,0.0021049741189926863,0.05161762610077858,0.017022835090756416,0.03235253691673279,0.025625772774219513,0.019905732944607735,0.12378162890672684,0.08538873493671417,0.10845192521810532,0.08845467120409012,0.08918683975934982,0.031711891293525696,0.012034961022436619,0.06923534721136093,0.0179380401968956
54,L,0.00444240914657712,0.0018319212831556797,0.0,0.010350354947149754,0.06278909742832184,0.0,0.0024272955488413572,0.14609572291374207,0.0032058621291071177,0.5375314950942993,0.05431646481156349,0.01822761632502079,0.039752691984176636,0.0032058621291071177,0.0,0.010854133404791355,0.020975498482584953,0.0619647353887558,0.0010075566824525595,0.021021295338869095
55,N,0.033273834735155106,0.0005949928890913725,0.09423772245645523,0.04549407213926315,0.001739209983497858,0.08613666892051697,0.05075747147202492,0.0,0.07588447630405426,0.0005034555215388536,0.0,0.09616000950336456,0.36550870537757874,0.044395625591278076,0.0003661494702100754,0.09762460738420486,0.00581262307241559,0.0013272918295115232,0.0,0.0001830747351050377
56,I,0.03513289615511894,0.0008737238822504878,0.0,0.042398601770401,0.013703669421374798,0.0,0.0023912442848086357,0.4810999631881714,0.0,0.21213096380233765,0.02998252585530281,0.02823507785797119,0.009381035342812538,0.0017934333300217986,0.0026211717631667852,0.023544559255242348,0.000643796578515321,0.09413225203752518,0.002207302488386631,0.019727766513824463
57,Y,0.005563986022025347,0.0010116337798535824,0.005931852851063013,0.0,0.05255897343158722,0.0,0.045431554317474365,0.0,0.009104704484343529,0.005380052607506514,0.0012875339016318321,0.02855566330254078,0.004230468533933163,0.007495286874473095,0.001425483962520957,0.006161769386380911,0.011771738529205322,0.0006437669508159161,0.0,0.813445508480072
58,K,0.02074747160077095,0.0,0.1656050980091095,0.02908392623066902,0.0,0.1271543651819229,0.0,0.0,0.0060884226113557816,0.0,0.0008430123561993241,0.13970588147640228,0.006603596732020378,0.005526414606720209,0.002903709188103676,0.35907644033432007,0.13258710503578186,0.004074559547007084,0.0,0.0
59,E,0.05491531640291214,0.003452619770541787,0.1202351525425911,0.218168243765831,0.0,0.010731115937232971,0.0003265991690568626,0.012130826711654663,0.05244249477982521,0.049736388027668,0.023468483239412308,0.039938412606716156,0.21275603771209717,0.03676573559641838,0.019222693517804146,0.09942612051963806,0.036719076335430145,0.009098120033740997,0.0,0.0004665702290367335
60,S,0.032936956733465195,0.0,0.19016610085964203,0.2505190670490265,0.0020762551575899124,0.004152510315179825,0.018969422206282616,0.0016987542621791363,0.16680823266506195,0.04610230401158333,0.006464703474193811,0.08394677191972733,0.0033031331840902567,0.08281426876783371,0.022319743409752846,0.05459607392549515,0.01571347750723362,0.0024065684992820024,0.0,0.015005662105977535
61,D,0.03995271772146225,0.006997636053711176,0.009314420633018017,0.05697399377822876,0.04524822533130646,0.0,0.03304964676499367,0.12430260330438614,0.017872340977191925,0.015319149009883404,0.0626477524638176,0.04728132486343384,0.0026004728861153126,0.0967375859618187,0.0021276595070958138,0.009314420633018017,0.09839243441820145,0.2104964554309845,0.0048226951621472836,0.11654846370220184
62,I,0.0395546592772007,0.00023488514125347137,0.0,0.0,0.00516747310757637,9.395405504619703e-05,0.010804716497659683,0.28172123432159424,0.0034293229691684246,0.08061257749795914,0.22032226622104645,0.0,0.0,0.006905623245984316,0.0045097945258021355,0.04805750027298927,0.00601305952295661,0.292572945356369,0.0,0.0
63,K,0.08919644355773926,0.0,0.04341788589954376,0.19903720915317535,0.0010183299891650677,0.010923903435468674,0.01564525067806244,0.000972042209468782,0.1464543640613556,0.01564525067806244,0.0049064988270401955,0.11715423315763474,0.0037493056152015924,0.1542769819498062,0.11220144480466843,0.05207369104027748,0.007868913002312183,0.0151823740452528,0.0027772635221481323,0.007498611230403185
64,A,0.13771438598632812,0.00055030727526173,0.017518114298582077,0.050719983875751495,0.007108135148882866,0.00719985319301486,0.0057782260701060295,0.019902778789401054,0.16724754869937897,0.12661652266979218,0.16876089572906494,0.04833532124757767,0.0,0.05874529853463173,0.10547555983066559,0.0442538745701313,0.026506466791033745,0.006603687070310116,0.0,0.0009630377171561122
65,Y,0.0,0.0018717828206717968,0.0,0.0,0.12793636322021484,0.0,0.0003275620110798627,0.03186710178852081,0.0,0.008890968747437,0.0,0.0,0.0,0.0,0.010715956799685955,0.001029480597935617,0.0,0.04482920095324516,0.0,0.7725315690040588
66,N,0.035790055990219116,0.003366847988218069,0.01711096800863743,0.024813208729028702,0.0029517572838813066,0.035605572164058685,0.07969744503498077,0.043400056660175323,0.21275712549686432,0.0035513329785317183,0.022368784993886948,0.024213632568717003,0.0057651507668197155,0.08057374507188797,0.24416567385196686,0.08550871908664703,0.034268055111169815,0.002075454220175743,0.03422193601727486,0.007794484030455351
67,G,0.023871826007962227,0.02699352614581585,0.07161547988653183,0.007207455579191446,0.0077124363742768764,0.5324335694313049,0.00775834359228611,0.004912087228149176,0.025157231837511063,0.009732360020279884,0.009089657105505466,0.11646696925163269,0.010604599490761757,0.012165450491011143,0.02786576747894287,0.03865399584174156,0.05329844355583191,0.010420970618724823,0.0012854060623794794,0.00275444146245718
68,R,0.07227477431297302,0.06304527819156647,0.015198824927210808,0.06570851057767868,0.002709156135097146,0.028882358223199844,0.04729543626308441,0.045320965349674225,0.30696114897727966,0.0006428505876101553,0.002755073830485344,0.007300945930182934,0.0009183579823002219,0.09812655299901962,0.1227385401725769,0.050050508230924606,0.01910184510052204,0.04784645140171051,0.0010101937223225832,0.0021122233010828495
69,Y,0.04186388477683067,0.0,0.05206562206149101,0.04627544805407524,0.0024355498608201742,0.04218555986881256,0.027939893305301666,0.0025274574290961027,0.21386884152889252,0.019346537068486214,0.032351452857255936,0.16410091519355774,0.0393364280462265,0.03777400031685829,0.11139193922281265,0.12494830042123795,0.014567345380783081,0.00850144773721695,0.0,0.018519369885325432
70,K,0.0273770559579134,0.033046044409275055,0.020048854872584343,0.02286030352115631,0.08360602706670761,0.007973452098667622,0.0,0.09747891128063202,0.08355993777513504,0.15725676715373993,0.05185048654675484,0.04963820055127144,0.0047011105343699455,0.027930129319429398,0.26496750116348267,0.02332119643688202,0.02286030352115631,0.020002765581011772,0.0,0.001520947553217411
71,Y,0.018283719196915627,0.0,0.03973722830414772,0.0869625136256218,0.07924476265907288,0.1979970633983612,0.057010289281606674,0.003629180369898677,0.031008820980787277,0.06909224390983582,0.05057883262634277,0.015711136162281036,0.012173833325505257,0.04869533330202103,0.018926864489912987,0.08691657334566116,0.06537118554115295,0.009049981832504272,0.020305035635828972,0.08930540084838867
72,E,0.010173821821808815,0.0,0.17692412436008453,0.4083215594291687,0.047219306230545044,0.013869245536625385,0.011268761940300465,0.0,0.08248551189899445,0.013595511205494404,0.0031023314222693443,0.029107166454195976,0.02217254415154457,0.0762808546423912,0.004835986997932196,0.07076052576303482,0.028057849034667015,0.0018249007407575846,0.0,0.0
73,M,0.10550270974636078,0.0065085794776678085,0.0006372035713866353,0.011469664983451366,0.03286150097846985,0.005552774295210838,0.0020936690270900726,0.052159663289785385,0.033680759370326996,0.2960720956325531,0.1808292716741562,0.08006007969379425,0.0004551454330794513,0.013244731351733208,0.04241955280303955,0.04797232896089554,0.047835782170295715,0.03909699246287346,0.0,0.001547494437545538
74,P,0.07196744531393051,0.0,0.0515294224023819,0.10886561870574951,0.0,0.009693200699985027,0.0005029491148889065,0.05184948071837425,0.0465913750231266,0.007361345924437046,0.0009601755882613361,0.00196607387624681,0.5031319856643677,0.023638607934117317,0.0032005852553993464,0.10337890684604645,0.01312239933758974,0.00032005851971916854,0.0,0.0019203511765226722
75,P,0.022825248539447784,0.0008621863089501858,0.0,0.0,0.0,0.005581521894782782,0.0033126105554401875,0.0,0.00240504601970315,0.029995009303092957,0.0,0.0,0.9302082657814026,0.00022689113393425941,0.0,0.003494123462587595,0.0003176475875079632,0.0,0.00018151290714740753,0.0005899169482290745
76,H,0.010472621768712997,0.00031598430359736085,0.00018056244880426675,0.003972373902797699,0.0,0.0026181554421782494,0.9307543039321899,0.0,0.0,0.002257030690088868,0.0,0.032726943492889404,0.0009930934756994247,0.011420574970543385,0.0,0.0,0.004152936395257711,0.0,0.0,0.00013542184024117887
77,M,0.013733789324760437,0.001666066236793995,9.005763422464952e-05,0.03264589235186577,0.0,0.0,0.0,0.6159041523933411,0.0,0.09604647010564804,0.0018011527135968208,0.0,0.07087536156177521,0.0,0.0,0.0040075648576021194,0.00963616743683815,0.1535933017730713,0.0,0.0
78,Y,0.013554015196859837,0.007291433867067099,0.0009393871878273785,0.006307313684374094,0.5665846467018127,0.005412659142166376,0.0,0.0017445761477574706,0.0,0.0,0.0,0.006128382869064808,0.0,0.005546857602894306,0.0016551107401028275,0.0008499217219650745,0.005412659142166376,0.0,0.015701185911893845,0.36287185549736023
79,A,0.577302098274231,0.0,0.022519510239362717,0.0014715718571096659,0.002229654463008046,0.08775919675827026,0.02947603166103363,0.005395763553678989,0.012798216193914413,0.0,0.0,0.0025418060831725597,0.0,0.00905239675194025,0.002675585215911269,0.22809363901615143,0.014314381405711174,0.0008026756113395095,0.001560758100822568,0.002006688853725791
80,L,0.00035639505949802697,0.009845413267612457,0.0,0.0,0.0029848087579011917,0.0032521048560738564,0.0025393147952854633,0.3196418285369873,0.0,0.2352207452058792,0.014745845459401608,0.0,0.0,0.007751592434942722,0.0,0.029001647606492043,0.04757874086499214,0.32195839285850525,0.0,0.005123178940266371
81,A,0.6506745219230652,0.0,0.0,0.0028589298017323017,8.934155630413443e-05,0.03265433758497238,0.0,0.0,0.0,0.00017868311260826886,0.0,0.0039756991900503635,8.934155630413443e-05,0.0,0.0,0.16568391025066376,0.08809076994657516,0.05217546597123146,0.003528991248458624,0.0
82,N,0.028188519179821014,0.0025463479105383158,0.38400715589523315,0.18043333292007446,0.0,0.0066115702502429485,0.032075051218271255,0.004199240356683731,0.018092472106218338,0.007236989215016365,0.010096046142280102,0.1770828664302826,0.0,0.07938351482152939,0.047487158328294754,0.020996203646063805,0.0015635470626875758,0.0,0.0,0.0
83,D,0.11891891807317734,0.0018315836787223816,0.07723922282457352,0.13343757390975952,0.0,0.00991735514253378,0.0020996201783418655,0.010274737142026424,0.04118829593062401,0.0549921840429306,0.018137145787477493,0.19245029985904694,0.0034398033749312162,0.01572481542825699,0.09984364360570908,0.1020326092839241,0.05316060036420822,0.040205493569374084,0.014027249999344349,0.01107884757220745
84,A,0.8010023832321167,0.05146104469895363,0.0,0.0,0.0,0.00671231048181653,0.0,0.002461180556565523,0.0,0.0,0.02309034764766693,0.0,0.0009844722226262093,0.0,0.0,0.028460195288062096,0.05181903764605522,0.03400903940200806,0.0,0.0
85,Y,0.0,0.0,0.0,0.0,0.06507495045661926,0.0,0.0381922610104084,0.00691140815615654,0.0022439637687057257,0.08082757145166397,0.0076743559911847115,0.0,0.0,0.0,0.0,0.0,0.0,0.012162283062934875,0.0054303924553096294,0.7814828157424927
86,R,0.008971425704658031,0.00161485665012151,0.012290854007005692,0.005741712637245655,0.02099313773214817,0.00017942851991392672,0.04283855855464935,0.0022877135779708624,0.11981339752674103,0.017000852152705193,0.0008971426286734641,0.06643340736627579,0.0,0.18907280266284943,0.3694881796836853,0.024447135627269745,0.02381913550198078,0.04871484264731407,0.016058852896094322,0.029336562380194664
87,S,0.10590022057294846,0.08740899711847305,0.05721559748053551,0.018089240416884422,0.05368707701563835,0.04430747404694557,0.0257269199937582,0.0,0.01777658611536026,0.01540935318917036,0.00929027609527111,0.14507123827934265,0.0,0.06887310743331909,0.04685336723923683,0.22457456588745117,0.0424315519630909,0.004332484677433968,0.0,0.03305194526910782
88,M,0.0028537032194435596,0.0,0.0,0.0,0.001560618868097663,0.0,0.000535069324541837,0.018415303900837898,0.0,0.2909885346889496,0.5997235178947449,0.0,0.0,0.009542069397866726,0.0,0.012707896530628204,0.0,0.024836134165525436,0.03130155801773071,0.007535559590905905
89,R,0.061895810067653656,0.039786968380212784,0.002864303532987833,0.01861797273159027,0.02806122414767742,0.012799857184290886,0.004744003061205149,0.05182599276304245,0.10969387739896774,0.310776948928833,0.07518796622753143,0.030433226376771927,0.0008055854123085737,0.027613677084445953,0.0792158991098404,0.012934121303260326,0.013381668366491795,0.09058360010385513,0.026673827320337296,0.0021034730598330498
90,Q,0.021893225610256195,0.0,0.08124719560146332,0.10910722613334656,0.006998653989285231,0.020816510543227196,0.02682817354798317,0.022386720404028893,0.08770748972892761,0.007895917631685734,0.016150740906596184,0.08721400052309036,0.0,0.1039479598402977,0.14764468371868134,0.07770300656557083,0.14943921566009521,0.031583670526742935,0.0,0.0014356214087456465
91,S,0.01034467201679945,0.0,0.20897141098976135,0.15747390687465668,0.031485747545957565,0.04675430431962013,0.011925735510885715,0.005149749107658863,0.031079187989234924,0.050819892436265945,0.0017165831523016095,0.10706057399511337,0.002891087206080556,0.08483534306287766,0.07638794928789139,0.028413968160748482,0.08040836453437805,0.005962867755442858,0.0,0.05831865221261978
92,Q,0.016344858333468437,0.0070498427376151085,0.025909295305609703,0.037539292126894,0.007319263648241758,0.1118096113204956,0.0683879628777504,0.006690615322440863,0.15590479969978333,0.028513696044683456,0.019577907398343086,0.10839694738388062,0.009878760203719139,0.04984283819794655,0.24521778523921967,0.08495733886957169,0.0004490345891099423,0.0008980691782198846,0.0,0.015312079340219498
93,E,0.008496672846376896,0.006248875986784697,0.024995503947138786,0.23219744861125946,0.0030570041853934526,0.01564466767013073,0.006158964242786169,0.051249776035547256,0.2027513086795807,0.00872145313769579,0.017263082787394524,0.054846249520778656,0.0002247797092422843,0.1306869238615036,0.16152670979499817,0.022253191098570824,0.011778457090258598,0.0305250845849514,0.0008991188369691372,0.0104747349396348
94,N,0.014044061303138733,0.0039933593943715096,0.36550456285476685,0.0008076457306742668,0.0014358146581798792,0.0013012069975957274,0.000448692066129297,0.0017050298629328609,0.028267599642276764,0.0,0.0019293759251013398,0.34298020601272583,0.03392111882567406,0.0008076457306742668,0.01678108237683773,0.1838291436433792,0.0,0.0,0.0009422533330507576,0.0013012069975957274
95,Q,0.0,0.000538357999175787,0.0,0.002781516406685114,0.0,0.0002691789995878935,0.043427545577287674,0.002916105790063739,0.00013458949979394674,0.002377747790887952,0.0004486316756810993,0.01695827767252922,0.020637057721614838,0.854194700717926,0.0015702109085395932,0.007806191220879555,0.03997308388352394,0.004217137582600117,0.0,0.0017496634973213077
96,C,0.060179371386766434,0.3053363263607025,0.0,0.0003139013424515724,0.02130044810473919,0.0014349776320159435,0.007533632218837738,0.0,0.0009865470929071307,0.025964125990867615,0.0,0.003856502240523696,0.004439461976289749,0.0,0.0,0.43713003396987915,0.11686098575592041,0.01112107653170824,0.0,0.0035426008980721235
97,V,0.0015248004347085953,0.03565342351794243,0.0,0.0,0.03484617546200752,0.0,0.0010763297323137522,0.715131402015686,0.0,0.029868150129914284,0.02045026421546936,0.0,0.00022423535119742155,0.0,0.0016593416221439838,0.0,0.0017938828095793724,0.15683020651340485,0.0,0.0009417884866707027
98,I,0.02058480493724346,0.012063861824572086,0.003542918711900711,0.0004484707023948431,0.008072473108768463,0.0019732711371034384,0.0015696474583819509,0.3729930818080902,0.0021526594646275043,0.3466230034828186,0.0065476722083985806,0.0,0.00017938828386832029,0.0009866355685517192,0.0,0.0006727060535922647,0.004664095584303141,0.21638712286949158,0.0003139294858556241,0.00022423535119742155
99,I,0.02465704269707203,0.051645297557115555,0.0,0.0,0.029588451609015465,0.004214112646877766,0.0,0.5398547649383545,0.0,0.14292119443416595,0.025732986629009247,0.0,0.009414507076144218,0.001075943699106574,0.00031381691223941743,0.0012552676489576697,0.0037658028304576874,0.16506768763065338,0.0,0.0004931408329866827
100,S,0.025904182344675064,0.000537803047336638,0.0003137184539809823,0.0012548738159239292,0.0016582261305302382,0.014341414906084538,0.0004929861752316356,0.0003137184539809823,0.001927127712406218,0.0683009922504425,0.040155962109565735,0.005019495263695717,0.0004929861752316356,0.0008515215595252812,0.020570967346429825,0.6057007312774658,0.20176579058170319,0.01026307512074709,0.0,0.0001344507618341595
101,G,0.006594293750822544,0.0010766193736344576,0.0,0.0,0.0,0.9782881736755371,0.0,0.0022429570090025663,0.001749506569467485,0.0,0.0015700699295848608,0.0,0.0,0.0,0.001345774275250733,0.0068185897544026375,0.0,0.0,0.00031401400337927043,0.0
102,E,0.03337520360946655,0.0,0.019513726234436035,0.8079131245613098,0.0,0.0008971828501671553,0.02382020466029644,0.005652252119034529,0.031939707696437836,0.0,0.0,0.0012560560135170817,0.005203660577535629,0.001435492536984384,0.04014893248677254,0.009734434075653553,0.009644716046750546,0.0051588015630841255,0.0027364075649529696,0.0015700699295848608
103,S,0.000897384132258594,0.019293759018182755,0.0,0.0,0.0,0.0,0.0029164983425289392,0.0014358146581798792,0.002243460388854146,0.0017498990055173635,0.0,0.0006281688692979515,0.0006730380700901151,0.03185713663697243,0.0053843045607209206,0.9111140966415405,0.01669134385883808,0.005115089472383261,0.0,0.0
104,G,0.0015737409703433514,0.0,0.0,0.006474819965660572,0.0,0.9388939142227173,0.0012589928228408098,0.0,0.005260791163891554,0.0,0.0,0.036465827375650406,0.0,0.0,0.0009442446171306074,0.0036420864053070545,0.0005845323903486133,0.0,0.0,0.004901078995317221
105,A,0.6429598927497864,0.0003146915987599641,0.0,0.0029221363365650177,0.0,0.0,0.00035964755807071924,0.0,0.0012587663950398564,0.004360726568847895,0.002247797092422843,0.006428699940443039,0.0007642510463483632,0.0,0.0,0.29500091075897217,0.04338248446583748,0.0,0.0,0.0
106,G,0.0,0.0,0.0,0.0,0.0017502132104709744,0.9751380085945129,0.0022438629530370235,0.0,0.006776466500014067,0.0,0.0,0.0,0.001570704160258174,0.0012565633514896035,0.005250639282166958,0.0016155813354998827,0.0,0.003949198871850967,0.0004487725964281708,0.0
107,K,0.0,0.0010772476671263576,0.0,0.0,0.0,0.0,0.0,0.0,0.9824947118759155,0.0,0.0,0.0,0.0022442659828811884,0.0,0.013824678026139736,0.0003590825363062322,0.0,0.0,0.0,0.0
108,T,0.0010765711776912212,0.032072849571704865,0.0003139999171253294,0.0,0.0,0.0,0.0,0.005203427281230688,0.0008971426286734641,0.006414569448679686,0.0,0.0022877135779708624,0.0012559996685013175,0.0,0.005113712977617979,0.07011169195175171,0.8747588992118835,0.0,0.0,0.0004934284370392561
109,E,0.014326132833957672,0.00031436653807759285,0.0,0.6153949499130249,0.033996496349573135,0.0,0.00687115453183651,0.013023757375776768,0.014191403985023499,0.006826245225965977,0.0,0.0,0.0,0.034400682896375656,0.0012574661523103714,0.0,0.09008847177028656,0.14694391191005707,0.016257241368293762,0.006107693072408438
110,A,0.19976666569709778,0.013820335268974304,4.4871219870401546e-05,0.0017948488239198923,0.002512788400053978,0.009333213791251183,0.0004038409679196775,0.03369828686118126,4.4871219870401546e-05,0.0087050162255764,4.4871219870401546e-05,0.28722068667411804,0.011083191260695457,0.0019743337761610746,0.00296150054782629,0.29013732075691223,0.1241137906908989,0.011756259948015213,0.0005384546238929033,4.4871219870401546e-05
111,S,0.2033829540014267,0.07573297619819641,0.0,0.0,0.06341903656721115,0.006450158078223467,0.0008570139762014151,0.0004961660015396774,0.006630581803619862,0.0027514658868312836,0.03432566672563553,0.0,0.0004961660015396774,0.002074875868856907,0.016779432073235512,0.21429860591888428,0.36211097240448,0.009607577696442604,0.0,0.0005863779806531966
112,K,0.002661013975739479,0.0,0.0,0.010914667509496212,0.002570810029283166,0.001578567549586296,0.08515244722366333,0.0017589753260836005,0.7176619172096252,0.0003157135215587914,0.012267724610865116,0.04735702648758888,0.0,0.062195561826229095,0.03725419566035271,0.01186180766671896,0.006449576001614332,0.0,0.0,0.0
113,K,0.01244476530700922,0.014924700371921062,0.0,0.0015781405381858349,0.10181260854005814,0.001352691906504333,0.10505906492471695,0.035530705004930496,0.1546577662229538,0.15858057141304016,0.11240869015455246,0.021462710574269295,0.0,0.0716024860739708,0.06853638589382172,0.01781044341623783,0.006492920685559511,0.001352691906504333,0.0,0.11439263820648193
114,I,0.0737667977809906,0.009874650277197361,0.0,0.002930832328274846,0.020155109465122223,0.0017134096706286073,0.0,0.3278925120830536,0.001758499420247972,0.21029849350452423,0.021733248606324196,0.0,0.0012625124072656035,0.0,0.0,0.004238434601575136,0.011001893319189548,0.3131030797958374,0.0,0.0002705383813008666
115,M,0.0018033451633527875,0.008115053176879883,0.0,0.0,0.020558135583996773,0.0,0.00031558540649712086,0.27992427349090576,0.0,0.29967087507247925,0.25323474407196045,0.0,0.0003606690443120897,0.0006311708129942417,0.0015779270324856043,0.003606690326705575,0.010865154676139355,0.11875028163194656,0.0,0.0005860871751792729
116,Q,0.006629087030887604,0.0038782411720603704,0.017677564173936844,0.020022548735141754,0.00333709130063653,0.012356257066130638,0.06394588202238083,0.0,0.1801578402519226,0.014971815049648285,0.005456595215946436,0.06908681243658066,0.0004960541264154017,0.361848920583725,0.17388951778411865,0.052356258034706116,0.005772266071289778,0.0012626831885427237,0.0,0.006854565814137459
117,F,0.021916572004556656,0.015512964688241482,0.004193912260234356,0.0009921082528308034,0.25167980790138245,0.0,0.06836527585983276,0.0022998873610049486,0.00022547914704773575,0.0014881623210385442,0.0,0.0022547913249582052,0.0003156707971356809,0.03368658572435379,0.0005411499296315014,0.009650507010519505,0.0003607666294556111,0.0004960541264154017,0.0003156707971356809,0.5857046246528625
118,L,0.0007215657969936728,0.0,0.0,0.0,0.18539731204509735,0.00031568502890877426,0.0,0.10728781670331955,0.0017588166519999504,0.6056643128395081,0.003607829101383686,0.0004960764781571925,0.0017137187533080578,0.006448994390666485,0.0001803914492484182,0.0013078380143269897,0.0,0.03192928805947304,0.0,0.053170379251241684
119,T,0.5042626857757568,0.01966710202395916,0.0018043213058263063,0.005728720221668482,0.009653119370341301,0.008931390941143036,0.023185528814792633,0.00820966251194477,0.0029320220928639174,0.05805404111742973,0.004195047076791525,0.0,0.0,0.0,0.006450448650866747,0.08069827407598495,0.23257702589035034,0.03319951146841049,0.0,0.0004510803264565766
120,F,0.1562894731760025,0.029913373291492462,0.01840822957456112,0.016242556273937225,0.04484749957919121,0.022965168580412865,0.06790290772914886,0.011911207810044289,0.06578235328197479,0.01764122024178505,0.005504421424120665,0.019806893542408943,0.0,0.032891176640987396,0.008121278136968613,0.09971124678850174,0.15268002450466156,0.09790651500225067,0.0007218913524411619,0.1307525783777237
121,V,0.05553298071026802,0.0024380332324653864,0.0,0.020768431946635246,0.007178653497248888,0.0033861573319882154,0.0,0.22163528203964233,0.004153686575591564,0.19319157302379608,0.03747347369790077,0.03896338492631912,0.00049663643585518,0.019865456968545914,0.0400921031832695,0.0351257398724556,0.036751095205545425,0.2824958264827728,0.00045148766366764903,0.0
122,S,0.214734748005867,0.06417620182037354,0.003799014026299119,0.016236262395977974,0.01126136351376772,0.1422368884086609,0.006919632665812969,0.005698521155864,0.00800506491214037,0.04138211905956268,0.0028944869991391897,0.01225634291768074,0.002984939608722925,0.038713760673999786,0.019492560997605324,0.3100266754627228,0.05449775978922844,0.027271494269371033,0.00343720312230289,0.013974945060908794
123,S,0.07158684730529785,0.01772712916135788,0.04612671211361885,0.04680504649877548,0.011124677956104279,0.2337086796760559,0.008818342350423336,0.0034821145236492157,0.0691448450088501,0.012662234716117382,0.0010853344574570656,0.06652195751667023,0.051462940871715546,0.04644326865673065,0.00999412126839161,0.20820331573486328,0.023425133898854256,0.04124270752072334,0.011576900258660316,0.01885768584907055
124,N,0.08411767333745956,0.031191742047667503,0.025553585961461067,0.038512252271175385,0.019324330613017082,0.10021370649337769,0.022552629932761192,0.021143091842532158,0.1005774587392807,0.014186332002282143,0.02246169187128544,0.03387441486120224,0.012458509765565395,0.03537489101290703,0.09593961387872696,0.26849451661109924,0.06638475507497787,0.0025917338207364082,0.0009093802655115724,0.004137680400162935
125,Q,0.06449265778064728,9.096284338738769e-05,0.031882476061582565,0.02383226528763771,0.004957474768161774,0.15363624691963196,0.07972893118858337,0.017828717827796936,0.0363396555185318,0.010005912743508816,0.004911993630230427,0.11920680105686188,0.03351980820298195,0.08823395520448685,0.042616091668605804,0.1522263139486313,0.0762268602848053,0.023150043562054634,0.0003183699445798993,0.03679446876049042
126,S,0.037818752229213715,0.0021969398949295282,0.03224794194102287,0.07053746283054352,0.0010200078831985593,0.0652805045247078,0.07861906290054321,0.05617889389395714,0.21796782314777374,0.022910945117473602,0.001647704979404807,0.0849744975566864,0.007610827684402466,0.03303256258368492,0.17685367166996002,0.06951745599508286,0.0171832088381052,0.02400941587984562,0.0,0.0003923106996808201
127,P,0.10138636827468872,0.04910598695278168,0.11777662485837936,0.0951671451330185,0.003239181125536561,0.12755894660949707,0.00045348535059019923,0.0018787250155583024,0.18003368377685547,0.004729204345494509,0.02073075994849205,0.015548069030046463,0.015094583854079247,0.03401140123605728,0.05610261857509613,0.10339466482400894,0.04411764815449715,0.028893494978547096,0.0,0.0007774034747853875
128,N,0.026261119171977043,0.001118627842515707,0.059020932763814926,0.11085069179534912,0.01273105014115572,0.07079315930604935,0.022425824776291847,0.007990199141204357,0.16459809243679047,0.04581047222018242,0.009375166147947311,0.07052682340145111,0.055292174220085144,0.04698236659169197,0.09881212562322617,0.09732062369585037,0.02274543233215809,0.03771373629570007,0.0,0.03963138535618782
129,G,0.06556148827075958,0.002147101331502199,0.028561441227793694,0.06586109101772308,0.0003495281271170825,0.10580716282129288,0.009587057866156101,0.039846207946538925,0.17895840108394623,0.026364408433437347,0.035452138632535934,0.09751834720373154,0.06905677169561386,0.01927397958934307,0.060368504375219345,0.06695960462093353,0.03200678899884224,0.09631996601819992,0.0,0.0
130,E,0.05862662196159363,0.01292482204735279,0.03166116401553154,0.14826351404190063,0.011390580795705318,0.04635268822312355,0.011158119887113571,0.018503881990909576,0.08726579695940018,0.0033474359661340714,0.0024640848860144615,0.055697616189718246,0.021060951054096222,0.07341112941503525,0.0750383585691452,0.13092194497585297,0.1571435183286667,0.021107442677021027,0.0,0.03366032987833023
131,R,0.04432778060436249,0.002145628910511732,0.03606482595205307,0.10367496311664581,0.04099520668387413,0.041497375816106796,0.030906185507774353,0.006893403362482786,0.0493038110435009,0.03359963372349739,0.01415202021598816,0.07217530161142349,0.007121661677956581,0.037114813923835754,0.12147911638021469,0.15658526122570038,0.15087880194187164,0.01753024384379387,0.02346496284008026,0.010089021176099777
132,I,0.015272334218025208,0.0,0.0,0.0,0.0063071586191654205,0.0002703068021219224,0.0,0.24458260834217072,0.0031535793095827103,0.24773618578910828,0.08068657666444778,0.004910573363304138,0.0002252556587336585,0.01144298817962408,0.012479163706302643,0.058476369827985764,0.0236968956887722,0.24390684068202972,0.0,0.04685317724943161
133,S,0.040001802146434784,0.0,0.027388621121644974,0.46997612714767456,0.010946438647806644,0.025361502543091774,0.002252353820949793,0.0163070410490036,0.09595026820898056,0.007838190533220768,0.001036082743667066,0.0013063651276752353,0.0013063651276752353,0.037163835018873215,0.09464390575885773,0.10261723399162292,0.018829677253961563,0.04301995411515236,0.0,0.004054236691445112
134,K,0.01681164652109146,0.0,0.19110289216041565,0.37544506788253784,0.0009014287497848272,0.017352502793073654,0.0127101456746459,0.001216928823851049,0.08184973150491714,0.005273358430713415,0.005048001185059547,0.039707936346530914,0.015594718046486378,0.12331545352935791,0.05192229524254799,0.034119077026844025,0.019921576604247093,0.005498715676367283,0.0,0.00220850040204823
135,M,0.013584871776401997,0.061876606196165085,0.0028884776402264833,0.009342419914901257,0.0006769869360141456,0.0005867220461368561,0.021573318168520927,0.05591912195086479,0.28767433762550354,0.013630003668367863,0.03696348890662193,0.0033398023806512356,0.0,0.2970167398452759,0.13156113028526306,0.005506160669028759,0.02382994070649147,0.03231484442949295,0.0,0.001715033664368093
136,L,0.00045087694888934493,0.00022543847444467247,0.0,0.0009017538977786899,0.011993327178061008,0.00031561387004330754,0.0,0.4202173352241516,0.001082104747183621,0.26791107654571533,0.011542449705302715,0.0,0.0005861400277353823,0.0,0.0,0.008972451090812683,0.0,0.2320212870836258,0.04378015175461769,0.0
137,L,0.060984402894973755,0.0006761020631529391,0.013116379268467426,0.0036960244178771973,0.0018930857768282294,0.0018029387574642897,0.010321824811398983,0.10254214704036713,0.06152528524398804,0.4940502941608429,0.007166681811213493,0.012891012243926525,0.007256828714162111,0.09956729412078857,0.008428738452494144,0.02330298349261284,0.03813215717673302,0.050256919115781784,0.001577571383677423,0.0008113224757835269
138,D,0.2047850787639618,0.034153375774621964,0.02572767436504364,0.1360728144645691,0.00094620167510584,0.03379291668534279,0.04415607824921608,0.0030188339296728373,0.04329999163746834,0.03879426792263985,0.00774984247982502,0.06799134612083435,0.0015770028112456203,0.23515364527702332,0.00964224524796009,0.08515815436840057,0.011579706333577633,0.0002703433274291456,0.0024781471583992243,0.013652338646352291
139,S,0.3252291977405548,0.032042063772678375,0.0,0.0,0.0029210858047008514,0.015009886585175991,0.0012583138886839151,0.061792198568582535,0.0002696386945899576,0.021481215953826904,0.01977350376546383,0.000988675164990127,0.0,0.0,0.0,0.3686859607696533,0.03990652412176132,0.11064174026250839,0.0,0.0
140,N,0.013975015841424465,0.0062910038977861404,0.03460052236914635,0.03105059824883938,0.04008268192410469,0.041700366884469986,0.003190437564626336,0.008178304880857468,0.0001797429722500965,0.018243910744786263,0.000718971889000386,0.6524669528007507,0.00031455018324777484,0.004134088288992643,0.0,0.04012761637568474,0.029432911425828934,0.034780263900756836,0.0,0.04053203761577606
141,P,0.0044937762431800365,0.03765784204006195,0.0,0.002426639199256897,0.019907427951693535,0.0,0.03289443999528885,0.03145643323659897,0.00588684668764472,0.000719004194252193,0.0034152697771787643,0.02808610163629055,0.643778383731842,0.0,0.0003145643277093768,0.013706017285585403,0.09818901121616364,0.06803577393293381,0.0,0.009032489731907845
142,L,0.03661564737558365,0.0,0.0,0.0,0.05363673344254494,0.0,0.0,0.3596099019050598,0.0,0.2871913015842438,0.0025283307768404484,0.0,0.00040633889148011804,0.0,0.00031604134710505605,0.0,0.0,0.25969570875167847,0.0,0.0
143,L,0.01600285992026329,0.0,0.0004023065557703376,0.0,0.024585401639342308,0.0,0.0,0.014572437852621078,0.0,0.7432836890220642,0.14500916004180908,0.0,0.0,0.0,0.0,0.0,0.021366948261857033,0.034777168184518814,0.0,0.0
144,E,0.0,0.0,0.016967875882983208,0.8656709790229797,0.0,0.003844284452497959,0.0,0.0,0.009942114353179932,0.0,0.0,0.0,0.00035349742393009365,0.026247182860970497,0.0633644089102745,0.013609650544822216,0.0,0.0,0.0,0.0
145,A,0.767345130443573,0.023768877610564232,0.0,0.0,0.00043773255310952663,0.0,0.0,0.0,0.0,0.0,0.0,0.0,0.004027139395475388,0.0,0.0003939592861570418,0.18091486394405365,0.009367476217448711,0.013744802214205265,0.0,0.0
146,F,0.0,0.0,0.0,0.0,0.8358848690986633,0.0,0.002361997961997986,0.033286675810813904,0.0,0.036217302083969116,0.064517542719841,0.0,0.0,0.0,0.0,0.0,0.0,0.0019683316349983215,0.000874814111739397,0.02488846145570278
147,G,8.742405043449253e-05,0.0,0.0,0.0,0.0,0.9363116025924683,0.0,0.030685842037200928,0.0,0.004021506290882826,0.0,0.0,0.0,0.0,0.0,0.014424968510866165,0.01394413597881794,0.0005245442735031247,0.0,0.0
148,N,0.003792171599343419,0.02436579205095768,0.000784587231464684,0.000435881782323122,0.0,0.0,0.02449655719101429,0.0,0.000740999064873904,0.0,0.0,0.8837067484855652,0.0,0.030598901212215424,0.0,0.014602039940655231,0.014122569933533669,0.0,0.0,0.00235376157797873
149,A,0.8409873843193054,0.005887740291655064,0.00013083867088425905,0.00833006203174591,0.0,0.0008722578641027212,0.0,0.0,0.0,0.0,0.0,0.0,0.0,0.0,0.0,0.052030179649591446,0.045444633811712265,0.04631689190864563,0.0,0.0
150,K,0.009765880182385445,0.062388282269239426,0.0,0.00030518375569954515,0.0,0.01198936253786087,0.007673191837966442,0.0,0.650041401386261,0.002790251513943076,0.0002615860721562058,0.004403365775942802,0.03779919072985649,0.014387235045433044,0.09351702779531479,0.058682478964328766,0.005580503027886152,0.03976108506321907,0.0,0.0006539652240462601
151,T,0.001526318141259253,0.0023548908066004515,0.0,0.0,0.0,0.030613580718636513,0.0,0.0,0.0,0.0006977454177103937,0.00418647238984704,0.00414286321029067,0.0,0.0,0.0,0.013911299407482147,0.9425668120384216,0.0,0.0,0.0
152,L,0.07514173537492752,0.02638464979827404,0.0016572176245972514,0.03567378968000412,0.0015263846144080162,0.0035324902273714542,0.004797209054231644,0.16938509047031403,0.0013083297526463866,0.19123418629169464,0.0037069341633468866,0.035935454070568085,0.018665503710508347,0.012516354210674763,0.007849978283047676,0.024683820083737373,0.08146532624959946,0.3010466694831848,0.0,0.0034888791851699352
153,R,0.0,0.0,0.01735641621053219,0.010073699057102203,0.0017443635733798146,0.030613580718636513,0.053988050669431686,0.038594044744968414,0.21268151700496674,0.057869259268045425,0.022240635007619858,0.0034015087876468897,0.0,0.007282717619091272,0.48528194427490234,0.005712790414690971,0.024551916867494583,0.005669181235134602,0.0,0.022938380017876625
154,N,0.0,0.0033142906613647938,0.0003052636166103184,0.0,0.0,0.0,0.0,0.0,0.00039248180110007524,0.0,0.0,0.9626269936561584,0.0,0.0,0.0023548908066004515,0.020932361483573914,0.010073699057102203,0.0,0.0,0.0
155,D,0.011612171307206154,0.0010913694277405739,0.4927314817905426,0.008818265050649643,0.0,0.04531366005539894,0.02339896187186241,0.01877155527472496,0.01920810155570507,0.0007421312038786709,0.0,0.3077225387096405,0.013532981276512146,0.0022700484842061996,0.007814205251634121,0.03876544162631035,0.004190858919173479,0.00030558343860320747,0.0007421312038786709,0.0029685248155146837
156,N,0.010985657572746277,0.0010462531354278326,0.003313134890049696,0.0158245787024498,0.0009154714643955231,0.03060290403664112,0.0,0.001395004102960229,0.0,0.003313134890049696,0.0,0.895331084728241,0.0,0.008762369863688946,0.0012642225483432412,0.01621692255139351,0.00915471464395523,0.0018745368579402566,0.0,0.0
157,S,0.09737107157707214,0.013910152949392796,0.03070731833577156,0.0,0.0003499409358482808,0.0017934472998604178,0.0,0.0,0.0,0.002362101338803768,0.0,0.0,0.0005249114474281669,0.0,0.0,0.8529810309410095,0.0,0.0,0.0,0.0
158,S,0.0,0.00039366635610349476,0.0,0.0,0.0,0.0,0.0,0.0,0.0,0.0,0.0,0.04295337200164795,0.0,0.0,0.000262444227701053,0.9049077033996582,0.05148281157016754,0.0,0.0,0.0
159,R,0.0,0.006167709361761808,0.0,0.00013122786185704172,0.0,0.0,0.0006561392801813781,0.0,0.05087266489863396,0.0,0.0,0.0,0.0,0.0,0.9421722292900085,0.0,0.0,0.0,0.0,0.0
160,F,0.01466736476868391,0.017766719684004784,0.0,0.0,0.8906059265136719,0.0,0.0023572552017867565,0.009647284634411335,0.0,0.0030120480805635452,0.0044962456449866295,0.0,0.0023572552017867565,0.0,0.0,0.003797799814492464,0.0,0.0006111402180977166,0.0016588091384619474,0.04902217537164688
161,G,0.031436339020729065,0.0,0.0008330410346388817,0.0,0.0,0.8567607998847961,0.0,0.015301648527383804,0.0,0.0,0.0,0.0,0.0,0.0,0.0001753770629875362,0.07146615535020828,0.01442476361989975,0.009601893834769726,0.0,0.0
162,K,0.0,0.0026303099002689123,0.0,0.00035070799640379846,0.0,0.00021919250139035285,0.03366796672344208,0.0,0.8032528162002563,0.020165709778666496,0.02555784396827221,0.002498794347047806,0.0,0.07939152419567108,0.02139318734407425,0.0030248563271015882,0.004033141769468784,0.0038139494135975838,0.0,0.0
163,Y,0.0003069098456762731,0.002806033007800579,0.0,0.0,0.4112153649330139,0.0,0.005305156111717224,0.040862854570150375,0.0,0.09921957552433014,0.0,0.0,0.0,0.007365836761891842,0.0004822869086638093,0.0034198525827378035,0.0,0.07979656010866165,0.012320238165557384,0.3368993401527405
164,M,0.012917966581881046,0.02904345467686653,0.0,0.0,0.10470583289861679,0.0,0.0005272639682516456,0.3713695704936981,0.0,0.08963487297296524,0.19328616559505463,0.014499758370220661,0.0,0.0,0.0,0.0006590799312107265,0.016213366761803627,0.12166615575551987,0.032778240740299225,0.012698273174464703
165,E,0.0063411821611225605,0.003370138816535473,0.18420469760894775,0.28921112418174744,0.0,0.0,0.001197286183014512,0.01374661922454834,0.09099374711513519,0.0003547514497768134,0.0040796417742967606,0.0001773757248884067,0.0,0.11334308981895447,0.1793268620967865,0.08416478335857391,0.02780364453792572,0.0016850694082677364,0.0,0.0
166,M,0.0035487404093146324,0.0,0.0,0.0,0.004030668176710606,0.0,0.0,0.5501862168312073,0.0,0.2941949665546417,0.03978094086050987,0.0,0.0,0.0,0.0,0.0006571741541847587,0.007929901592433453,0.09967141598463058,0.0,0.0
167,Q,0.0018498128047212958,0.004228143487125635,0.08399031311273575,0.08702928572893143,0.046994052827358246,0.044879984110593796,0.18145783245563507,0.013477208092808723,0.02501651644706726,0.031975336372852325,0.013521251268684864,0.18145783245563507,0.0,0.22572121024131775,0.002774719148874283,0.007883725687861443,0.011407178826630116,0.0011891653994098306,0.0031270645558834076,0.03201938048005104
168,F,0.0,0.0012728789588436484,0.0,0.0,0.7064917087554932,0.0,0.0,0.06992055475711823,0.0,0.03665013238787651,0.012202080339193344,0.0,0.0,0.0,0.0,0.00026335424627177417,0.004345345310866833,0.05021287873387337,0.0,0.11864109337329865
169,N,0.044820018112659454,0.02374890260398388,0.4464881420135498,0.0370500423014164,0.0,0.09310799092054367,0.005618963856250048,0.0,0.011940298601984978,0.024056188762187958,0.0008779631461948156,0.12541703879833221,0.0,0.028314311057329178,0.015935029834508896,0.07835821062326431,0.050043899565935135,0.010579455643892288,0.002370500471442938,0.0012730464804917574
170,A,0.05295400694012642,0.011370492167770863,0.02617533691227436,0.2017914354801178,0.11597902327775955,0.015825869515538216,0.040098387748003006,0.009282034821808338,0.08052165061235428,0.0033879426773637533,0.00199563754722476,0.01475843507796526,0.03364737704396248,0.08762240409851074,0.05309323966503143,0.07662319391965866,0.07286397367715836,0.06604167819023132,0.0,0.035967882722616196
171,V,0.07487461715936661,0.010252540931105614,0.06732945889234543,0.01975056529045105,0.0011983489384874701,0.03488526865839958,0.012427322566509247,0.0018197150202468038,0.2283964306116104,0.009409258142113686,0.0035062802489846945,0.1352802813053131,0.010696373879909515,0.03634991869330406,0.07997869700193405,0.10048377513885498,0.16333052515983582,0.003018063958734274,0.0,0.007012560497969389
172,G,0.003193612676113844,0.003681525820866227,0.010778442956507206,0.031049013137817383,0.0009314703638665378,0.7681969404220581,0.013395431451499462,0.0008427589200437069,0.021024618297815323,0.005988024175167084,0.005854956805706024,0.03317808732390404,0.000798403169028461,0.019738301634788513,0.015125305391848087,0.016367265954613686,0.014371257275342941,0.011931692250072956,0.005145265255123377,0.018407629802823067
173,S,0.09138567000627518,0.03616331145167351,0.11586476862430573,0.054156117141246796,0.0059531740844249725,0.015504908747971058,0.030476698651909828,0.05748811736702919,0.1640232801437378,0.0342973917722702,0.011817495338618755,0.030210137367248535,8.885334682418033e-05,0.0679728090763092,0.08854236453771591,0.036829713732004166,0.0661068931221962,0.03292016685009003,0.0,0.06019814312458038
174,P,0.019341418519616127,0.0,0.0036292821168899536,0.00017703814955893904,0.0,0.0028326103929430246,0.00017703814955893904,0.3368593454360962,0.0,0.2507302761077881,0.018677525222301483,0.008763388730585575,0.17597591876983643,0.0012392670614644885,0.0,0.0037178013008087873,0.013277861289680004,0.16460122168064117,0.0,0.0
175,I,0.11055565625429153,0.07281897217035294,0.019509822130203247,0.031808529049158096,0.0011944788275286555,0.00044239958515390754,0.0035391966812312603,0.11418332904577255,0.04185099899768829,0.031189169734716415,0.08073792606592178,0.007609272841364145,0.0,0.03950628265738487,0.03733852505683899,0.09670854359865189,0.06658113747835159,0.2310653030872345,0.0,0.013360466808080673
176,G,0.0370321199297905,0.0001769754890119657,0.0,0.0012388284085318446,0.001681267167441547,0.6779488325119019,0.011724625714123249,0.0,0.0104415537789464,0.0,0.0,0.019865497946739197,0.0002654632262419909,0.0,0.01911335252225399,0.21741439402103424,0.0009291213355027139,0.0,0.0,0.0021679496858268976
177,G,0.5801841020584106,0.010487653315067291,0.0,0.0,0.021373573690652847,0.27462607622146606,0.0,0.017789185047149658,0.0,0.01274449098855257,0.0,0.00026551022892817855,0.00017700681928545237,0.0012390477349981666,0.0,0.0361536405980587,0.024338437244296074,0.020621294155716896,0.0,0.0
178,K,0.03757302090525627,0.01756948046386242,0.08806868642568588,0.006594087462872267,0.02796955220401287,0.003496194025501609,0.20879802107810974,0.016418835148215294,0.12152593582868576,0.011727739125490189,0.002124269725754857,0.10391219705343246,0.00026553371571935713,0.030226588249206543,0.08311205357313156,0.14188352227210999,0.024340590462088585,0.03836962208151817,0.00026553371571935713,0.03575854003429413
179,I,0.0008860142552293837,0.00026580426492728293,0.0,0.0,0.011385283432900906,0.00026580426492728293,0.0,0.6504230499267578,0.009170247241854668,0.1344526708126068,0.04988260194659233,0.0007531121373176575,0.0,0.0,0.0005316085298545659,0.0037212600000202656,0.017011472955346107,0.120985247194767,0.00026580426492728293,0.0
180,T,0.0022486059460788965,0.0023835222236812115,0.023520417511463165,0.2530581057071686,0.0022486059460788965,0.0002698327007237822,0.05486598238348961,0.02365533448755741,0.042318761348724365,0.06669364869594574,0.0,0.04591653123497963,0.0003597769245970994,0.1292048990726471,0.08769562840461731,0.13181327283382416,0.09336211532354355,0.02603885531425476,0.0040924628265202045,0.010253642685711384
181,N,0.009957389906048775,0.014218434691429138,0.03538909927010536,0.03381924331188202,0.0037676608189940453,0.0015698587521910667,0.07032967358827591,0.038932494819164276,0.07723704725503922,0.05261269211769104,0.003408835968002677,0.1182776391506195,0.004575016908347607,0.03198026493191719,0.009284593164920807,0.048665620386600494,0.4108544588088989,0.024534648284316063,0.0058309040032327175,0.004754429217427969
182,Y,0.0,0.013536535203456879,0.0002762557996902615,0.0,0.08877020329236984,0.0,0.013628619723021984,0.0002762557996902615,0.00041438371408730745,0.03467010334134102,0.06326258182525635,0.0,0.0,0.0,0.0,0.0,0.000552511599380523,0.005340945906937122,0.032506100833415985,0.7467654943466187
183,L,0.0,0.007237579207867384,0.0,0.0,0.018023908138275146,0.0,0.0,0.007190885487943888,0.0,0.8520731925964355,0.02666230872273445,0.0028950318228453398,0.02325364202260971,0.002708255546167493,0.013401195406913757,0.033106088638305664,0.0,0.0,0.0011206574272364378,0.012327232398092747
184,L,0.0,0.0,0.0,0.0,0.051690325140953064,0.0004202465352136642,0.0,0.015782592818140984,0.0066772508434951305,0.9167912006378174,0.0,0.0,0.004856182262301445,0.0013074337039142847,0.0,0.0,0.0005603287136182189,0.0019144564867019653,0.0,0.0
185,E,0.05894717201590538,0.0,0.05408940091729164,0.8196085691452026,0.001961791655048728,0.0,0.001214442541822791,0.0,0.0019150824518874288,0.001214442541822791,0.0,0.03297678381204605,0.010416179895401001,0.00537157291546464,0.0,0.01191087905317545,0.0,0.0,0.0,0.00037367461482062936
186,K,0.002055594464763999,0.0,0.0,0.0020088765304535627,0.0,0.0,0.001962158363312483,0.014622751623392105,0.7829478979110718,0.01424900721758604,0.0,0.00976407341659069,0.0,0.02377949096262455,0.09815463423728943,0.007007708307355642,0.035318851470947266,0.00565288495272398,0.0,0.0024760570377111435
187,S,0.006918150931596756,0.004020006395876408,0.0,0.03220679610967636,0.008086757734417915,0.0050016362220048904,0.00042069837218150496,0.006684429477900267,0.0,0.02215678058564663,0.02968260645866394,0.03304819390177727,0.005702800117433071,0.006590940989553928,0.0007011639536358416,0.7544056177139282,0.03861076012253761,0.03949890285730362,0.006263731047511101,0.0
188,R,0.0,0.0,0.0,0.0,0.0,0.0009363734279759228,0.0,0.0,0.0014513788046315312,0.00037454935954883695,0.0,0.00028091203421354294,0.0328667089343071,0.01090875081717968,0.9505594968795776,0.0,0.0013109227875247598,0.0,0.0,0.0013109227875247598
189,V,0.061977487057447433,0.021530989557504654,0.0,0.0,0.0,0.0047172014601528645,0.0,0.10597356408834457,0.0,0.10798187553882599,0.0014478538651019335,0.0,0.0063985800370574,0.0,0.0,0.009854747913777828,0.0,0.6788099408149719,0.0,0.0013077390613034368
190,V,0.06010903790593147,0.11655289679765701,0.0,0.00229074084199965,0.011316259391605854,0.01667659357190132,0.0030237778555601835,0.18839052319526672,0.0,0.016493333503603935,0.0,9.16296339710243e-05,0.0015118889277800918,0.0006872222293168306,0.0,0.054702889174222946,0.14440830051898956,0.3824620842933655,0.0,0.0012828148901462555
191,G,0.008199725300073624,0.012139257974922657,0.06898763030767441,0.0,0.15799358487129211,0.011497939005494118,0.11850664019584656,0.000687127816490829,0.06032982096076012,0.00426019262522459,0.014154832810163498,0.06271186470985413,0.0,0.0679798424243927,0.1829134225845337,0.08053138107061386,0.03815849870443344,0.02253779210150242,0.0004122766840737313,0.087998166680336
192,R,0.009484185837209225,0.028765713796019554,0.0,0.009842079132795334,0.00505524966865778,0.006128931418061256,0.03131570667028427,0.03328412398695946,0.0,0.021205207332968712,0.002997360425069928,0.002102626021951437,0.036281485110521317,0.5971010327339172,0.10897865891456604,0.000805261021014303,0.008276293985545635,0.06697087734937668,0.03140518069267273,0.0
193,T,0.2333228588104248,0.0007177784573286772,0.012157373130321503,0.04746310040354729,0.0014804181409999728,0.038894619792699814,0.014355569146573544,0.027320442721247673,0.023462383076548576,0.07213673740625381,0.0021533353719860315,0.10331524163484573,0.17590059340000153,0.0922345370054245,0.010138620622456074,0.11143510788679123,0.025167107582092285,0.008344174362719059,0.0,0.0
194,Q,0.07180361449718475,0.03931248188018799,0.04555042088031769,0.11843109130859375,0.0,0.011309069581329823,0.06973925977945328,0.023336175829172134,0.15262755751609802,0.028182920068502426,0.0023336175363510847,0.04721087962388992,0.14288920164108276,0.050935689359903336,0.05690436810255051,0.08665799349546432,0.025490283966064453,0.025849301367998123,0.0,0.0014360722852870822
195,G,0.040632154792547226,0.0,0.1252637654542923,0.06703183054924011,0.0029632290825247765,0.4629371762275696,0.01346922293305397,0.0035019980277866125,0.009652943350374699,0.010236609727144241,0.0006734611233696342,0.11785569787025452,0.02752211131155491,0.0168814267963171,0.010640686377882957,0.03479549288749695,0.051317740231752396,0.0012571275001391768,8.97948193596676e-05,0.0032775108702480793
196,E,0.0,0.0,0.00826149433851242,0.9178789258003235,0.0,0.03767061606049538,0.006914511322975159,0.0,0.0025592672172933817,0.0,0.0,0.003636853536590934,0.0004040948406327516,0.019037356600165367,0.0,0.0,0.0,0.0004489942512009293,0.0,0.003187859198078513
197,R,0.013112987391650677,0.00579306622967124,0.0,0.0,0.0,0.049263518303632736,0.011406502686440945,0.0,0.04100053757429123,0.002874079393222928,0.0,0.029683850705623627,0.03556673228740692,0.002155559603124857,0.7372462749481201,0.035072751343250275,0.03682414069771767,0.0,0.0,0.0
198,S,0.011451410129666328,0.006152326241135597,0.006646308582276106,0.0,0.032557930797338486,0.03880007192492485,0.0,0.0,0.0,0.0012574096908792853,0.0,0.6653493642807007,0.0,0.0,0.0,0.13912340998649597,0.09277887642383575,0.005882881116122007,0.0,0.0
199,F,0.0,0.0,0.0,0.0,0.5152127146720886,0.006147908978164196,0.0019296356476843357,0.0004936277400702238,0.0,0.0,0.0,0.0,0.0,0.0,0.0,0.0012565068900585175,0.0,0.00044875245657749474,0.0,0.4745108485221863
200,H,0.0,0.0013950139982625842,0.0018000180134549737,0.0024300243239849806,0.000990009866654873,0.0,0.8567635416984558,0.0,0.0,0.013095131143927574,0.0,0.08127081394195557,0.0,0.0,0.0013500135391950607,0.033255331218242645,0.0002250022516818717,0.007425074465572834,0.0,0.0
201,I,0.019938787445425987,0.03528670594096184,0.0,0.0,0.0,0.0,0.0,0.7245926856994629,0.0,0.0018453506054356694,0.0014402735978364944,0.0011702222982421517,0.006166171748191118,0.0,0.0,0.024169592186808586,0.00022504276421386749,0.1851651817560196,0.0,0.0
202,F,0.0,0.0,0.0,0.0,0.9483429193496704,0.0,0.0014311909908428788,0.004025224596261978,0.0002683483180589974,0.015161680057644844,0.005411691032350063,0.0,0.0,0.0,0.0061272867023944855,0.0,0.0,0.001341741532087326,0.0012970168609172106,0.01659287139773369
203,Y,0.005457880441099405,0.0,0.0,0.0,0.0016552588203921914,0.0,0.006128931418061256,0.0,0.0,0.00022368361533153802,0.0,0.0,0.005144723225384951,0.0,0.0,0.014852592721581459,0.00796313676983118,0.0,0.006128931418061256,0.952444851398468
204,Q,0.05460644140839577,0.025939177721738815,0.0,0.024508049711585045,0.016502683982253075,0.0009838998084887862,0.029919499531388283,0.0027280859649181366,0.0,0.029293380677700043,0.016144901514053345,0.0,0.0012522361939772964,0.5354651212692261,0.0352415032684803,0.0250894445925951,0.0013416815781965852,0.0013864042703062296,0.001923076924867928,0.19767442345619202
205,M,0.0,0.0005783947417512536,0.0,0.0013347570784389973,0.040398646146059036,0.0,0.0,0.14402028918266296,0.0,0.6300053596496582,0.15060508251190186,0.0,0.0,0.0,0.0,0.0,0.0032924008555710316,0.029765082523226738,0.0,0.0
206,L,0.04322471469640732,0.19048255681991577,0.0,0.0,0.013888888992369175,0.00026709403027780354,0.0,0.08733974397182465,0.0,0.4693732261657715,0.078125,0.0,0.006855413317680359,0.00026709403027780354,0.0,0.0005787037080153823,0.013933404348790646,0.04789885878562927,0.0001780626771505922,0.04758724942803383
207,K,0.3902287185192108,0.015529056079685688,0.023894278332591057,0.07221678644418716,0.0002224793133791536,0.014950609765946865,0.03871139883995056,0.0023137847892940044,0.057266175746917725,0.04649817571043968,0.005472991149872541,0.060692355036735535,0.0,0.049790870398283005,0.02069057524204254,0.13357657194137573,0.05036931484937668,0.0021802971605211496,0.0019578179344534874,0.01343775074928999
208,G,0.053199201822280884,0.015452238731086254,0.014092803932726383,0.017944535240530968,0.005029907450079918,0.7450607419013977,0.0009062896715477109,0.00022657241788692772,0.0018578937742859125,0.0,0.0,0.08360522240400314,0.000770346203353256,0.01259742584079504,0.000770346203353256,0.04513322561979294,0.003353271633386612,0.0,0.0,0.0
209,L,0.3861432671546936,0.008519250899553299,0.00037654145853593946,0.0006589475669898093,0.005271580535918474,0.06580062210559845,0.02744045853614807,0.02805233933031559,0.03595970943570137,0.18111644685268402,0.04325520247220993,0.009695942513644695,0.005883460398763418,0.008613386191427708,0.015108725987374783,0.07714392989873886,0.03610091283917427,0.05436317250132561,0.0,0.010496092960238457
210,S,0.031020602211356163,0.0,0.16983187198638916,0.08202699571847916,0.0007577551295980811,0.043902438133955,0.029078854247927666,0.0013260715641081333,0.11442102491855621,0.0010419132886454463,0.002510064048692584,0.08112715929746628,0.08358986675739288,0.021548662334680557,0.006867155898362398,0.27264976501464844,0.05105375498533249,0.0023206251207739115,0.0,0.004925408400595188
211,Q,0.08577235788106918,0.0020325202494859695,0.11047877371311188,0.25749772787094116,0.0,0.037850044667720795,0.028274616226553917,0.019738031551241875,0.05284553021192551,0.06327912956476212,0.00040650405571796,0.040740739554166794,0.15365853905677795,0.04643179848790169,0.010885275900363922,0.059168923646211624,0.02109304443001747,0.00578139116987586,0.0,0.004065040498971939
212,S,0.09069383144378662,0.0002233838167740032,0.08814725279808044,0.3037126362323761,0.0015636867610737681,0.008399231359362602,0.03270339220762253,0.008533261716365814,0.11030692607164383,0.00772908004000783,0.0004914443707093596,0.0435151681303978,0.07326988875865936,0.1060626357793808,0.0029039897490292788,0.05665013566613197,0.04767010733485222,0.010007594712078571,0.0034847876522690058,0.003931554965674877
213,K,0.013071021065115929,0.0030781584791839123,0.026142042130231857,0.22341184318065643,0.036045681685209274,0.0023197715636342764,0.010037473402917385,0.0641506090760231,0.0430942177772522,0.376427561044693,0.036447182297706604,0.01387401856482029,0.007316202856600285,0.0840471088886261,0.017130620777606964,0.0031227695289999247,0.02466987818479538,0.006870092824101448,0.0009368308237753808,0.00780692370608449
214,L,0.041789181530475616,0.004499688278883696,8.910273754736409e-05,0.01300899963825941,0.031185956671833992,0.004054174292832613,0.006682705134153366,0.10139891505241394,0.2151831090450287,0.25425466895103455,0.0064153969287872314,0.009400338865816593,8.910273754736409e-05,0.01550387591123581,0.2586652338504791,0.026196204125881195,0.003786866320297122,0.004054174292832613,0.0007128219003789127,0.0030294929165393114
215,D,0.053418420255184174,0.004061049781739712,0.05475722998380661,0.18966440856456757,0.0,0.014994644559919834,0.01432524062693119,0.0006247768760658801,0.2595055401325226,0.01771688647568226,0.017092110589146614,0.027445554733276367,0.010174937546253204,0.06908246874809265,0.05765797942876816,0.08028382807970047,0.09309175610542297,0.019055694341659546,0.0,0.01704748347401619
216,E,0.05379944667220116,0.0008482900448143482,0.07469417154788971,0.22064469754695892,0.006205911282449961,0.02326100505888462,0.03589606285095215,0.0019644610583782196,0.1729172319173813,0.010358067229390144,0.08907045423984528,0.018707027658820152,0.0027681041974574327,0.04509331285953522,0.0625055804848671,0.11661755293607712,0.032011788338422775,0.0034378068521618843,0.016430038958787918,0.012768996879458427
217,L,0.00017858737555798143,0.004777212161570787,0.007679257076233625,0.0006697026547044516,0.1458165943622589,0.005893383175134659,0.0,0.002634163713082671,0.001562639488838613,0.5847843289375305,0.01665327325463295,0.011474238708615303,0.0002232342230854556,0.0026788106188178062,0.012277881614863873,0.02754710242152214,0.0030806323047727346,0.0029913384933024645,0.03375301510095596,0.13532458245754242
218,G,0.010802124626934528,0.01374815870076418,0.020265143364667892,0.003392402781173587,0.05253760516643524,0.1496228128671646,0.1534169465303421,0.003035307861864567,0.17515511810779572,0.13913315534591675,0.008570280857384205,0.07307057082653046,0.0,0.028255144134163857,0.049948666244745255,0.06668749451637268,0.005668883677572012,0.009998660534620285,0.0008927375893108547,0.035798776894807816
219,L,0.0024992190301418304,0.0004462891083676368,0.0007140625966712832,0.0,0.01602177880704403,0.013210157863795757,0.00932744238525629,0.11804346740245819,0.0002231445541838184,0.7830588817596436,0.0033025394659489393,0.001829785294830799,0.0009372071363031864,0.001562011893838644,0.0008479492971673608,0.007095996756106615,0.00781005946919322,0.032355960458517075,0.0004909179988317192,0.0002231445541838184
220,T,0.020798001438379288,0.0010711416834965348,0.04186378791928291,0.15687762200832367,0.012630545534193516,0.08618227392435074,0.02494867518544197,0.00013389271043706685,0.09622422605752945,0.07319468259811401,0.01838793233036995,0.0692671611905098,0.04744264855980873,0.05748460069298744,0.014862090349197388,0.11001517623662949,0.12264572083950043,0.021824510768055916,0.0031241632532328367,0.021021155640482903
221,P,0.0047746943309903145,0.0013926191022619605,0.025763453915715218,0.0676414966583252,0.0030836565420031548,0.020192977041006088,0.09489704668521881,0.0021884015295654535,0.065353624522686,0.007957823574543,0.011140952818095684,0.09837859123945236,0.034417588263750076,0.055505819618701935,0.2816074788570404,0.0703272670507431,0.12991146743297577,0.004277330357581377,0.0,0.021187705919146538
222,N,0.02014918625354767,0.017420176416635513,0.14300009608268738,0.04784863069653511,0.028336213901638985,0.05380696803331375,0.029200401157140732,0.000227417447604239,0.03188392519950867,0.027790412306785583,0.01769307814538479,0.25443464517593384,0.07764031738042831,0.044664785265922546,0.010415718890726566,0.14204493165016174,0.03615937381982803,0.015418902970850468,0.0,0.0018648230470716953
223,A,0.15005908906459808,0.017274297773838043,0.037685245275497437,0.02918447181582451,0.04009455442428589,0.012728429399430752,0.02027457021176815,0.07932539284229279,0.0040912809781730175,0.048868078738451004,0.016092371195554733,0.003545776940882206,0.3341212868690491,0.010455495677888393,0.01286480575799942,0.03145740553736687,0.0031366487964987755,0.0831439197063446,0.044185835868120193,0.02141103707253933
224,P,0.044006895273923874,0.007621813099831343,0.15284456312656403,0.25215497612953186,0.0037655385676771402,0.01828327775001526,0.04423373565077782,0.00521731236949563,0.09581707417964935,0.022774701938033104,0.0012703021056950092,0.04051356390118599,0.00521731236949563,0.05970419943332672,0.03411668539047241,0.09146175533533096,0.022502494975924492,0.010253152810037136,0.0,0.08824063092470169
225,A,0.03889540582895279,0.014033029787242413,0.21374425292015076,0.09272629022598267,0.003203681902959943,0.006226874887943268,0.03366122022271156,0.000360978243406862,0.141368106007576,0.013446439988911152,0.0015341575490310788,0.13635952770709991,0.03275877609848976,0.035285625606775284,0.02251601777970791,0.08654453605413437,0.0837920755147934,0.014709863811731339,0.0007670787745155394,0.028066059574484825
226,Y,0.00667749485000968,0.0,0.022468868643045425,0.002030319534242153,0.2796877920627594,0.0005865367129445076,0.02467966079711914,0.0028875654097646475,0.0,0.01610720157623291,0.034425195306539536,0.020122721791267395,0.0293719545006752,0.006993322633206844,0.0031131564173847437,0.015114599838852882,0.005188594106584787,0.002030319534242153,0.01105396170169115,0.5174607634544373
227,E,0.04615592956542969,0.0002707092498894781,0.003880165982991457,0.04746435582637787,0.037222523242235184,0.005955603905022144,0.13896408677101135,0.0016242555575445294,0.06104493886232376,0.03785417973995209,0.005730012431740761,0.1540335714817047,0.05193106085062027,0.02228839509189129,0.2064158022403717,0.08337844908237457,0.03406424820423126,0.021927449852228165,0.0025717378593981266,0.037222523242235184
228,Y,0.010302784852683544,0.02132541500031948,0.0004499032802414149,0.00013497097825165838,0.20236648619174957,0.0,0.0004499032802414149,0.03329284116625786,0.0010347774950787425,0.061141856014728546,0.055068161338567734,0.00413910998031497,0.0013047194806858897,0.00017996130918618292,0.0,0.010122823528945446,0.004454042296856642,0.0096729202196002,0.01313717570155859,0.5714221596717834
229,L,0.013077749870717525,0.03986026346683502,0.0,0.0,0.017646005377173424,0.0486384816467762,0.004747402388602495,0.06476173549890518,0.024543173611164093,0.678385853767395,0.00797205325216055,0.0003135077131446451,0.0023737011943012476,0.0,0.004120387136936188,0.003672518767416477,0.05987996980547905,0.028753135353326797,0.0,0.0012540308525785804
230,K,0.03462020680308342,0.005777499172836542,0.007031530141830444,0.012988176196813583,0.0034933716524392366,0.026872089132666588,0.017332497984170914,0.06821031868457794,0.11093693971633911,0.015675384551286697,0.011241490952670574,0.2380419224500656,0.01092798262834549,0.028529200702905655,0.06310462206602097,0.2033769190311432,0.0962020754814148,0.044473305344581604,0.0,0.0011644571786746383
231,K,0.03114386461675167,0.0,0.04754886403679848,0.03236142173409462,0.0021147069055587053,0.03992310166358948,0.03178468346595764,0.020698493346571922,0.12015379965305328,0.013264979235827923,0.02576097473502159,0.10855495184659958,0.002499199006706476,0.4057033061981201,0.002755527151748538,0.009612304158508778,0.06574815511703491,0.03960269317030907,0.0,0.0007689843187108636
232,S,0.01807866059243679,0.014232137240469456,0.023896528407931328,0.049475912004709244,0.0013943648664280772,0.21261659264564514,0.03750360757112503,0.003798442194238305,0.03433022275567055,0.014712953008711338,0.00125012022908777,0.09443216025829315,0.10101933032274246,0.09693239629268646,0.015145687386393547,0.22059813141822815,0.028320031240582466,0.03072410821914673,0.0005288969841785729,0.0010097124613821507
233,G,0.024450575932860374,0.008990581147372723,0.10993245244026184,0.03581961616873741,0.007278089411556721,0.33260393142700195,0.02763771265745163,0.0,0.06169727072119713,0.015745408833026886,0.006945105269551277,0.10484254360198975,0.06079345569014549,0.06759585440158844,0.022072114050388336,0.057986870408058167,0.04466748982667923,0.0009513842524029315,0.007658643182367086,0.002330891555175185
234,C,0.05417640134692192,0.24187110364437103,0.06464174389839172,0.04984423518180847,0.030325155705213547,0.03543613851070404,0.017961448058485985,0.01611175946891308,0.041228581219911575,0.01703660376369953,0.0029692368116229773,0.06001752242445946,0.013434579595923424,0.07160241156816483,0.010514019057154655,0.15678544342517853,0.06133177503943443,0.046436917036771774,0.0012655763421207666,0.007009345572441816
235,F,0.03656454384326935,0.021246325224637985,0.020629800856113434,0.002750640269368887,0.07042587548494339,0.008109645918011665,0.013990324921905994,0.12183438986539841,0.11244427412748337,0.10533054918050766,0.06919282674789429,0.04481646418571472,0.04751968011260033,0.017215214669704437,0.012377881444990635,0.026842454448342323,0.08787821233272552,0.08745139092206955,0.0006165227969177067,0.09276296943426132
236,D,0.025345055386424065,0.0005894199130125344,0.025688884779810905,0.09352128952741623,0.004273294471204281,0.01650375686585903,0.010216611437499523,0.03433370962738991,0.0978437066078186,0.033498696982860565,0.011346333660185337,0.0649835467338562,0.07436514645814896,0.055012524127960205,0.06463971734046936,0.11429834365844727,0.22078686952590942,0.052114542573690414,0.00019647330918814987,0.00044206492020748556
237,V,0.022093480452895164,0.025923017412424088,0.07271210104227066,0.12185781449079514,0.039915554225444794,0.007266300264745951,0.00019638649246189743,0.16314807534217834,0.011095836758613586,0.11174391210079193,0.010506677441298962,0.010850353166460991,0.005940691102296114,0.013943440280854702,0.014778083190321922,0.018067557364702225,0.04428515210747719,0.29875293374061584,0.002111154841259122,0.004811468999832869
238,S,0.11509362608194351,0.003451863070949912,0.1475316882133484,0.20488935708999634,0.009599016048014164,0.00803858507424593,0.009315301664173603,0.0022224322892725468,0.049460943788290024,0.003404577262699604,0.002695290371775627,0.1212407797574997,0.11031775921583176,0.040003784000873566,0.03655191883444786,0.10043502599000931,0.008558728732168674,0.027189332991838455,0.0,0.0
239,T,0.018168266862630844,0.004844870883971453,0.06666356325149536,0.03274946287274361,0.02031118981540203,0.3152427077293396,0.0015839000698179007,0.006289015058428049,0.1114320307970047,0.020637286826968193,0.023152893409132957,0.09126059710979462,0.0016770707443356514,0.01812168024480343,0.03023385815322399,0.16197708249092102,0.0330289751291275,0.006987794768065214,4.658529724110849e-05,0.03559116646647453
240,I,0.026208745315670967,0.0029583063442260027,0.0005084589356556535,0.10488120466470718,0.015068872831761837,0.016363132745027542,0.006101506762206554,0.2555237114429474,0.027318110689520836,0.0853748694062233,0.025607839226722717,0.009059812873601913,0.007441989611834288,0.11172229051589966,0.030322641134262085,0.06882684677839279,0.0381806418299675,0.16289174556732178,0.000600905972532928,0.005038365721702576
241,D,4.572682883008383e-05,0.004298321902751923,0.43271297216415405,0.04033106192946434,0.013946682214736938,0.004252594895660877,0.003703873138874769,0.01723901368677616,0.055878184735774994,0.021628789603710175,0.009968448430299759,0.16886918246746063,0.0001371804828522727,0.05642690509557724,0.04760162904858589,0.0786958709359169,0.02611001953482628,0.01467831153422594,0.0031551511492580175,0.000320087798172608
242,D,0.07899657636880875,4.561003515846096e-05,0.6550969481468201,0.07726339995861053,0.0038768528029322624,0.015370581299066544,0.003968073055148125,0.0016419612802565098,0.0038768528029322624,0.03516533598303795,0.0003192702424712479,0.017970353364944458,0.006066134665161371,0.03206385299563408,0.0012770809698849916,0.004925883840769529,0.0040592928417027,0.001322690979577601,0.0003648802812676877,0.05632839351892471
243,S,0.19043715298175812,0.016848815605044365,0.011065573431551456,0.06288706511259079,0.014025500975549221,0.035200364887714386,0.011475409381091595,0.0068761385045945644,0.19362477958202362,0.06757741421461105,0.005646630190312862,0.03192167729139328,0.004098360426723957,0.025546448305249214,0.11734972894191742,0.14071038365364075,0.02459016442298889,0.028187613934278488,0.0,0.011930783279240131
244,G,0.06943812221288681,0.003232856746762991,0.07289864122867584,0.20808669924736023,0.0009561970946379006,0.03947727754712105,0.06288134306669235,0.0168472807854414,0.11706583946943283,0.004006920848041773,0.02144613489508629,0.047308988869190216,0.0,0.1251252144575119,0.06561332941055298,0.06156087666749954,0.029141243547201157,0.048265185207128525,0.0013204626739025116,0.0053273835219442844
245,E,0.028586814180016518,0.01418121438473463,0.20275546610355377,0.25050488114356995,0.00013463178765960038,0.05331418663263321,0.006372570991516113,0.01687384955585003,0.04155634343624115,0.048736706376075745,0.015078759752213955,0.1199120432138443,0.00026926357531920075,0.08365121483802795,0.02867656946182251,0.03572230041027069,0.04312704876065254,0.008167661726474762,0.0011668087681755424,0.001211686059832573
246,F,0.002466588979586959,0.00255628302693367,0.0,0.0,0.6250336170196533,0.0013902592472732067,0.01228809729218483,0.038882412016391754,0.0,0.15050676465034485,0.014395910315215588,0.0,0.0,0.0,0.003587765619158745,0.0006278589717112482,0.0019732711371034384,0.0006278589717112482,0.04901785030961037,0.09664543718099594
247,K,0.058802422136068344,0.002197802299633622,0.04732002690434456,0.16591164469718933,0.008477237075567245,0.01314195990562439,0.03467145189642906,0.030993496999144554,0.15649248659610748,0.07378336042165756,0.029872167855501175,0.06440906226634979,0.0020632429514080286,0.11890558153390884,0.04391119256615639,0.06400538235902786,0.0667862743139267,0.014218434691429138,0.00031397174461744726,0.0037228078581392765
248,I,0.14827291667461395,0.0,0.03301441669464111,0.17189955711364746,0.03732650727033615,0.016260161995887756,0.02218928188085556,0.031262632459402084,0.08799353241920471,0.054350268095731735,0.03503571078181267,0.03719175234436989,0.0026052193716168404,0.050038181245326996,0.10196290165185928,0.04154875874519348,0.04527691751718521,0.06005479767918587,0.00031442302861250937,0.023402057588100433
249,I,0.0012524601770564914,0.0032206119503825903,0.0008946144371293485,0.0,0.02415458858013153,0.00026838431949727237,0.0013419216265901923,0.11518160998821259,0.007514761295169592,0.24610842764377594,0.023930935189127922,0.0050098407082259655,0.0,0.0012524601770564914,0.00044730721856467426,0.015924137085676193,0.38853102922439575,0.15288960933685303,0.01051171962171793,0.0015655752504244447
250,V,0.0070723905228078365,0.024730844423174858,0.08333709090948105,0.03423577547073364,0.001036082743667066,0.0033785304985940456,0.010045497678220272,0.035992611199617386,0.12811388075351715,0.1337898075580597,0.10658137500286102,0.01707284152507782,0.0,0.12933014333248138,0.15230415761470795,0.012027569115161896,0.022928960621356964,0.09707644581794739,0.0009459885768592358,0.0
251,K,0.08988764137029648,0.0003146067319903523,0.060988765209913254,0.11932583898305893,0.013662921264767647,0.05851685255765915,0.0444943830370903,0.014292134903371334,0.12103370577096939,0.025528090074658394,0.0036853933706879616,0.07321348041296005,0.0021573032718151808,0.0994606763124466,0.10925842821598053,0.07959550619125366,0.05253932625055313,0.018966292962431908,0.0006292134639807045,0.012449437752366066
252,A,0.6639255881309509,0.09674665331840515,0.000584164634346962,0.0004044216766487807,0.000359485944500193,0.015457895584404469,0.0021119797602295876,0.005167610477656126,0.0021119797602295876,0.013256044127047062,0.0,0.0,0.00013480722554959357,0.004089152440428734,0.0025613373145461082,0.18558461964130402,0.004223959520459175,0.003280309261754155,0.0,0.0
253,M,0.0,0.0034178809728473425,0.0,0.003957546316087246,0.21973375976085663,0.000584637513384223,0.001034358749166131,0.04087965562939644,0.0,0.29749056696891785,0.41014569997787476,0.0,0.0,0.0,0.0013491634745150805,0.0008544702432118356,0.009219284169375896,0.01092822477221489,0.0004047490656375885,0.0
254,E,0.02347227931022644,0.0035972839687019587,0.1638113260269165,0.1345384269952774,0.0004946265835314989,0.01587301678955555,0.019470300525426865,0.005036197602748871,0.17972929775714874,0.011421376839280128,0.006475111469626427,0.11237016320228577,0.0012590494006872177,0.09370925277471542,0.10216286778450012,0.05863573029637337,0.06353703141212463,0.004406672902405262,0.0,0.0
255,T,0.03926924243569374,0.0019701786804944277,0.01531366165727377,0.0020597323309630156,0.005507545080035925,0.0025075001176446676,0.012806161306798458,0.2639143764972687,0.03922446444630623,0.031388528645038605,0.05561276897788048,0.009044910781085491,0.0,0.01491066999733448,0.010656875558197498,0.08404602855443954,0.10764339566230774,0.2710786759853363,0.0,0.033045269548892975
256,L,0.003118456806987524,0.0008018888765946031,0.00013364815094973892,0.0,0.0016928765689954162,0.0,0.0,0.26110392808914185,0.0,0.41034436225891113,0.12580746412277222,0.00614781491458416,0.007528845686465502,0.0,0.0004900431958958507,0.006905154325067997,0.0010691852075979114,0.17316345870494843,0.0016928765689954162,0.0
257,G,0.004910933319479227,0.0037055225111544132,0.011027278378605843,0.03638555109500885,0.03571588173508644,0.7528014779090881,0.005134157836437225,0.0,0.02071521058678627,0.010000446811318398,0.01611679047346115,0.04174293577671051,0.004687709268182516,0.01660788431763649,0.009955802001059055,0.027545873075723648,0.0015625697560608387,0.0012500558514147997,0.0001339345471933484,0.0
258,L,0.001337196328677237,0.003788722911849618,0.029462892562150955,0.0,0.4465790092945099,0.001693782047368586,0.0,0.23374192416667938,0.0010251838248223066,0.1277022510766983,0.039893023669719696,0.0,0.0015600624028593302,0.0,0.0005348785198293626,0.0023623802699148655,0.0,0.09418319910764694,0.0002674392599146813,0.015868064016103745
259,K,0.017916833981871605,0.01377189438790083,0.10099389404058456,0.016535187140107155,0.003565539140254259,0.02446851134300232,0.0012033694656565785,0.003565539140254259,0.01836252585053444,0.07456433773040771,0.027900343760848045,0.09127780050039291,0.03913179039955139,0.01016178634017706,0.005125462543219328,0.35120558738708496,0.19066719710826874,0.005437447223812342,0.0,0.004144939128309488
260,E,0.07248573750257492,0.02295827306807041,0.15197040140628815,0.22048859298229218,0.020684735849499702,0.04596112668514252,0.033077746629714966,0.009450784884393215,0.03289942815899849,0.014042438939213753,0.015602710656821728,0.04796718806028366,0.1414051353931427,0.05563480779528618,0.02460770308971405,0.04881419241428375,0.027772825211286545,0.013641227036714554,0.0,0.0005349500570446253
261,S,0.0551939383149147,0.0,0.19384752213954926,0.3178332448005676,0.011457868851721287,0.01310744509100914,0.007400802336633205,0.017030762508511543,0.08163174241781235,0.0282211322337389,0.006687472108751535,0.0460989736020565,0.008782880380749702,0.02300490438938141,0.02082033082842827,0.06464556604623795,0.09594293683767319,0.006197057664394379,0.0,0.0020954080391675234
262,D,0.013634485192596912,9.18147197808139e-05,0.06036817654967308,0.6427948474884033,0.003305329941213131,0.0017903869738802314,0.02171418070793152,0.0137722073122859,0.03204333782196045,0.01005371194332838,0.001193591277115047,0.026947619393467903,0.0,0.07836385816335678,0.013955837115645409,0.013037689961493015,0.05600697919726372,0.0077124363742768764,0.0,0.0032135150395333767
263,Q,0.003941063303500414,0.017466075718402863,0.0,0.01755564473569393,0.0037171391304582357,0.0,0.0007165569695644081,0.15047696232795715,0.15665726363658905,0.054368756711483,0.017421290278434753,0.01768999919295311,0.0014778986806049943,0.3495006561279297,0.07125262916088104,0.035066504031419754,0.010793139226734638,0.09167450666427612,0.0,0.0002239240420749411
264,N,0.04252646863460541,0.0012560560135170817,0.10326574742794037,0.12820743024349213,0.036021891981363297,0.021308092400431633,0.01933429017663002,0.05311322584748268,0.1169029250741005,0.039520904421806335,0.07338955998420715,0.10658532381057739,0.0,0.03763682022690773,0.059886954724788666,0.01327830646187067,0.039251748472452164,0.05154315382242203,0.02767809107899666,0.029293019324541092
265,S,0.157662034034729,0.003537005977705121,0.11526218056678772,0.120567686855793,0.03771332651376724,0.09050314128398895,0.02290211245417595,0.0015474400715902448,0.0019895657896995544,0.020072508603334427,0.013971173204481602,0.04788221791386604,0.0006189760169945657,0.0712706670165062,0.014015385881066322,0.22221240401268005,0.0356353335082531,0.012777433730661869,0.0034927933011204004,0.006366610527038574
266,I,0.0025641026441007853,0.02458001859486103,0.0,0.0,0.08364279568195343,0.0,0.0,0.5048629641532898,0.0,0.11839080601930618,0.04703801870346069,0.00017683465557638556,0.0,0.0,0.0010167992440983653,0.008797524496912956,0.013395225629210472,0.1933244913816452,0.0004862953210249543,0.0017241379246115685
267,W,0.0,0.01797703094780445,0.0,0.0006183745572343469,0.4476590156555176,0.00022084805823396891,0.013736749067902565,0.008833922445774078,0.001192579511553049,0.12389575690031052,0.016342755407094955,0.0028710246551781893,0.0,0.0007950530271045864,0.003356890520080924,0.018772084265947342,0.0001325088378507644,0.02893109619617462,0.125,0.1896643042564392
268,R,0.02075696736574173,0.001457403996028006,0.02707238495349884,0.02022700197994709,0.00437221210449934,0.02561498060822487,0.016296427696943283,0.0,0.30349335074424744,0.055690500885248184,0.00671289162710309,0.024996688589453697,0.00030914630042389035,0.08815086632966995,0.234553724527359,0.12966479361057281,0.024466723203659058,0.010113500989973545,0.0,0.006050434894859791
269,I,0.013342169113457203,0.005213165655732155,0.00035343493800610304,0.0,0.003445990616455674,0.0002208968362538144,0.0008394080214202404,0.3196377158164978,0.0,0.16682130098342896,0.04497459530830383,0.0,0.0,0.00017671746900305152,0.0,0.0026065828278660774,0.08257123827934265,0.3587806522846222,0.0,0.001016125432215631
270,L,0.0016369508812204003,0.005795690696686506,0.0,0.0,0.011281688697636127,0.001194531680084765,0.0,0.13551297783851624,0.0,0.531256914138794,0.005751449149101973,0.0,0.0006193867884576321,0.0,0.0,0.001504225074313581,0.06773436814546585,0.2377118021249771,0.0,0.0
271,A,0.5501416325569153,0.01044432632625103,0.0,0.013365196995437145,0.03128872439265251,0.11108160763978958,0.0,0.04168879613280296,0.007125155068933964,0.013055408373475075,0.0,0.0,0.0014161798171699047,0.0,0.0,0.20308904349803925,0.0010178792290389538,0.0023898035287857056,0.0,0.01389626506716013
272,A,0.5760630369186401,0.046879127621650696,0.0,0.0,0.001672682468779385,0.16423100233078003,0.0008363412343896925,0.0071749272756278515,0.0,0.007395016960799694,0.0008363412343896925,0.0,0.0014525926671922207,0.0,0.0015406286111101508,0.10929659008979797,0.03208909183740616,0.050532616674900055,0.0,0.0
273,I,0.0,0.004930662456899881,0.0,0.0,0.009377063252031803,0.00026414263993501663,0.002817521570250392,0.5855161547660828,0.0,0.06797270476818085,0.0028615451883524656,0.0,0.0,0.0,0.0003081664035562426,0.0,0.00013207131996750832,0.32361873984336853,0.002201188588514924,0.0
274,L,0.0,0.0004401796031743288,0.0,0.0,0.0,0.0,0.00986002292484045,0.02434193156659603,0.0,0.7823752164840698,0.07293775677680969,0.0,0.0,0.0010124130640178919,0.0,0.0,0.00017607184418011457,0.033101506531238556,0.0011884849518537521,0.07456642389297485
275,H,0.0,0.01069636456668377,0.0,0.0,0.008495465852320194,0.00937582552433014,0.571133017539978,0.007571089081466198,0.059336207807064056,0.14701998233795166,0.000264107744442299,0.030680516734719276,0.0,0.06426621973514557,0.00035214368836022913,0.006162514444440603,0.0019367901841178536,0.033321596682071686,0.012413064949214458,0.036975085735321045
276,I,0.0005282852798700333,0.0036539731081575155,0.0,0.0,0.053180716931819916,0.0,0.024961479008197784,0.11001540720462799,0.0005282852798700333,0.7043803930282593,0.03213735297322273,0.0015408321050927043,0.0,0.004050187300890684,0.0,0.0028615451883524656,0.007440017536282539,0.03090468794107437,0.0011886418797075748,0.022628219798207283
277,G,0.0015387997264042497,0.012662123888731003,0.0308639258146286,0.0002637942379806191,0.0010112113086506724,0.8976038694381714,0.0002198285365011543,0.0,0.0,0.010639701038599014,0.0006155198789201677,0.005979336332529783,0.0008793141460046172,0.006375027354806662,0.0,0.011431084014475346,0.005627610255032778,0.014288854785263538,0.0,0.0
278,N,0.06661097705364227,0.00457263458520174,0.020269082859158516,0.02976609207689762,0.0013629968743771315,0.0017147379694506526,0.0,0.00474850507453084,0.0033855082001537085,0.0,0.0,0.7838550806045532,0.0015388673637062311,0.03156876564025879,0.0007474498706869781,0.0484963059425354,0.0013629968743771315,0.0,0.0,0.0
279,I,0.08723769336938858,0.00035194228985346854,0.0,0.0,0.025955744087696075,0.0,0.00030794949270784855,0.4525097906589508,0.0,0.09264880418777466,0.08930535614490509,0.0,0.009370462968945503,0.0,0.0,0.006466939579695463,0.02419603243470192,0.17975452542304993,0.0010118340142071247,0.030882935971021652
280,T,0.009347030892968178,0.02385256439447403,0.07795070856809616,0.21493761241436005,0.00048498742398805916,0.10303778201341629,0.01362373773008585,0.029143335297703743,0.11657334119081497,0.014196905307471752,0.0,0.04616198688745499,0.00039680791087448597,0.08456417173147202,0.06040298193693161,0.052599091082811356,0.08646003156900406,0.05528856813907623,0.0,0.010978352278470993
281,F,0.07861552387475967,0.00022045854711905122,0.0,0.008730159141123295,0.6746472716331482,0.001895943540148437,0.00022045854711905122,0.06397707015275955,0.0,0.019664902240037918,0.012522045522928238,0.0,0.005026455037295818,0.0,0.003395061707124114,0.031216930598020554,0.0,0.02570546790957451,0.0007054673624224961,0.0734567865729332
282,A,0.035846561193466187,0.030776014551520348,0.029938271269202232,0.1011904776096344,0.006790123414248228,0.0436507947742939,0.011463845148682594,0.11944444477558136,0.20652557909488678,0.013932980597019196,0.0173721332103014,0.032098766416311264,0.0,0.02768959477543831,0.03143738955259323,0.04585538059473038,0.12332451343536377,0.12266314029693604,0.0,0.0
283,E,0.0810369923710823,0.0,0.052599091082811356,0.1596490442752838,0.00035271813976578414,0.02566024474799633,0.0012786032166332006,0.008156606927514076,0.19941800832748413,0.059873905032873154,0.0033508222550153732,0.03804946690797806,0.09871698915958405,0.10502182692289352,0.037961289286613464,0.0617697648704052,0.05352497845888138,0.008377055637538433,0.001190423732623458,0.004012168850749731
284,A,0.09129417687654495,0.03560870140790939,0.11013546586036682,0.10303137451410294,0.0006618717452511191,0.08114548027515411,0.004412478301674128,0.05925958603620529,0.12125490605831146,0.023386135697364807,0.001103119575418532,0.04275691509246826,0.02228301577270031,0.018267661333084106,0.05105237662792206,0.07690949738025665,0.06984953582286835,0.08013060688972473,0.004544852767139673,0.002912235911935568
285,A,0.07491612434387207,0.0,0.048340100795030594,0.11716404557228088,0.039555005729198456,0.15817588567733765,0.003046088619157672,0.001368532539345324,0.09672435373067856,0.006003885064274073,0.003090234939008951,0.05814056098461151,0.0322708822786808,0.0850256010890007,0.09226558357477188,0.057213492691516876,0.09822532534599304,0.02617870457470417,0.0,0.0022956030443310738
286,E,0.038138218224048615,0.0004866826056968421,0.06711795181035995,0.09092115610837936,0.011768870055675507,0.07437394559383392,0.03530661016702652,0.006902044173330069,0.04048314318060875,0.00721175130456686,0.0055304840207099915,0.18224051594734192,0.017255110666155815,0.014158039353787899,0.1860012412071228,0.10923811793327332,0.0735333189368248,0.00867179874330759,0.003406778210774064,0.027254225686192513
287,Q,0.06266596168279648,0.011949017643928528,0.10077004879713058,0.19295451045036316,0.008497078903019428,0.1033368706703186,0.014206054620444775,0.0538148358464241,0.11320587992668152,0.011550717055797577,0.00495662959292531,0.030447866767644882,0.006284297909587622,0.01836608164012432,0.05036289617419243,0.04368029907345772,0.10422198474407196,0.04049389436841011,0.0,0.02823508530855179
288,R,0.03862401843070984,0.10681955516338348,0.12884731590747833,0.09565480053424835,0.0,0.10742305219173431,0.011164755560457706,0.025347013026475906,0.043150272220373154,0.03741701692342758,0.0,0.09625829756259918,0.0,0.08901629596948624,0.02625226229429245,0.11858780682086945,0.03590826690196991,0.019010258838534355,0.0,0.020519010722637177
289,T,0.04418739303946495,0.009369578212499619,0.20717178285121918,0.12573741376399994,0.0,0.02278773859143257,0.08559861034154892,0.0,0.061422787606716156,0.03562752902507782,0.0,0.04881434515118599,0.009369578212499619,0.021052632480859756,0.010179294273257256,0.19433198869228363,0.05008675530552864,0.049508385360240936,0.0,0.024754192680120468
290,G,0.061492789536714554,0.008651399053633213,0.07692959904670715,0.0683630183339119,0.017557252198457718,0.24741306900978088,0.00932994019240141,0.0028837998397648335,0.0013570822775363922,0.0043256995268166065,0.009160305373370647,0.0938931331038475,0.00042408821173012257,0.09177269041538239,0.04978795722126961,0.20687022805213928,0.02010178193449974,0.006191687658429146,0.0012722646351903677,0.02222222276031971
291,T,0.08583661168813705,0.010565568692982197,0.07706650346517563,0.12036461383104324,0.006076928228139877,0.08341965079307556,0.0067674885503947735,0.06436019390821457,0.04385056346654892,0.051308609545230865,0.011187072843313217,0.024100545793771744,0.04902976378798485,0.08839168399572372,0.020923970267176628,0.13673089444637299,0.0861818939447403,0.0332849957048893,0.0,0.0005524480366148055
292,T,0.051876869052648544,0.08321337401866913,0.20462849736213684,0.28739896416664124,0.0063115935772657394,0.04971763864159584,0.0009965674253180623,0.002380688674747944,0.03648543730378151,0.005370391067117453,0.0004982837126590312,0.06372494995594025,0.011239065788686275,0.006643782369792461,0.008636916987597942,0.10951168090105057,0.022035211324691772,0.04888716712594032,0.0,0.0004429188265930861
293,T,0.05688638240098953,0.016773531213402748,0.006104129366576672,0.1097717359662056,0.0018466273322701454,0.08786868304014206,0.012567324563860893,0.07273659855127335,0.04991023242473602,0.04370351508259773,0.005283406004309654,0.022262118756771088,0.08386766165494919,0.17445498704910278,0.04360092431306839,0.0894075408577919,0.0630418062210083,0.05211592838168144,0.004924339707940817,0.0028725313022732735
294,V,0.24426135420799255,0.10724830627441406,0.005286217667162418,0.00038098866934888065,0.005952947773039341,0.03562244027853012,0.013191732577979565,0.11334412544965744,0.06676826626062393,0.1356319636106491,0.002285931957885623,0.005905324127525091,0.015096675604581833,0.003047909354791045,0.0052385940216481686,0.09691399335861206,0.041623011231422424,0.08529383689165115,0.004238498862832785,0.012667872942984104
295,K,0.06829805672168732,0.005202821921557188,0.10374779254198074,0.16313932836055756,0.014065255410969257,0.016622574999928474,0.02134038880467415,0.018827160820364952,0.07892416417598724,0.08253968507051468,0.009259259328246117,0.05974426865577698,0.002689594402909279,0.13553792238235474,0.014506172388792038,0.09894179552793503,0.0585537925362587,0.04060846567153931,0.0,0.007451499346643686
296,V,0.052225131541490555,0.0,0.08948516845703125,0.054624781012535095,0.0909249559044838,0.006326352711766958,0.008987783454358578,0.1988656222820282,0.01575043611228466,0.021727748215198517,0.04253926873207092,0.030802791938185692,0.08486038446426392,0.03678010404109955,0.010340314358472824,0.03891797736287117,0.009729494340717793,0.20619545876979828,0.0,0.0009162303758785129
297,S,0.09785068035125732,0.020405499264597893,0.10546467453241348,0.08814827352762222,0.002305951900780201,0.030368952080607414,0.0041768187656998634,0.02114514447748661,0.1344413459300995,0.017751479521393776,0.024060215801000595,0.02828054316341877,0.0848851352930069,0.03898363932967186,0.034415245056152344,0.16876958310604095,0.03432822972536087,0.06199965253472328,0.0,0.002218934940174222
298,D,0.02857515588402748,0.01913709193468094,0.1428757756948471,0.03279401361942291,0.018528183922171593,0.08898747712373734,0.015744606032967567,0.0007393875857815146,0.04784272611141205,0.0051322197541594505,0.000521920679602772,0.29323244094848633,0.020441893488168716,0.01478775218129158,0.06062978506088257,0.15627174079418182,0.02400835044682026,0.01761482283473015,0.0,0.012134655378758907
299,T,0.015029755420982838,0.00034750878694467247,0.07332435250282288,0.09860561788082123,0.04726119711995125,0.011337474919855595,0.054732635617256165,0.07136961817741394,0.08948351442813873,0.021806176751852036,0.05086660012602806,0.07584379613399506,0.08618218451738358,0.028061335906386375,0.043568916618824005,0.056470178067684174,0.10546892136335373,0.049215931445360184,0.011163719929754734,0.009860562160611153
300,K,0.04107150435447693,0.004254764877259731,0.09377849102020264,0.26713845133781433,0.0366864949464798,0.014674597419798374,0.0038206051103770733,0.004298180807381868,0.061737507581710815,0.0014761429047212005,0.003603525459766388,0.07198367267847061,0.031216081231832504,0.051621586084365845,0.01593366079032421,0.06885772943496704,0.11370642483234406,0.05014544352889061,4.341597013990395e-05,0.06395172327756882
301,S,0.1156592071056366,0.005365410353988409,0.06741378456354141,0.12193328142166138,0.048072345554828644,0.022197222337126732,0.08818311989307404,0.0596252866089344,0.0008653887780383229,0.08009172976016998,0.002250010846182704,0.037644412368535995,0.024274155497550964,0.016312578693032265,0.003375016152858734,0.08030807971954346,0.03682229295372963,0.11120245605707169,0.05633680894970894,0.022067414596676826
302,L,0.22090107202529907,0.05374437943100929,0.010290556587278843,8.647526556160301e-05,0.06831546127796173,0.002334832213819027,0.0,0.06390522420406342,0.0012106538051739335,0.42645278573036194,0.015911448746919632,0.0012538913870230317,0.0008647526847198606,0.0,0.0,0.004669664427638054,0.008474576286971569,0.1095641627907753,0.0,0.012020062655210495
303,A,0.058671046048402786,0.02151559665799141,0.14633198082447052,0.1383824348449707,0.0019441804615780711,0.017929663881659508,0.028385033831000328,0.007733517792075872,0.08835219591856003,0.03616175428032875,0.00224660849198699,0.08649442344903946,0.0485181026160717,0.17476022243499756,0.034995246678590775,0.07033612579107285,0.02052190527319908,0.015553443692624569,0.0,0.001166508300229907
304,A,0.059298958629369736,0.01344167347997427,0.010805203579366207,0.059385400265455246,0.028957946226000786,0.0015559493331238627,0.022215498611330986,0.05830487981438637,0.27051907777786255,0.062497299164533615,0.032242726534605026,0.05973116680979729,0.004494964610785246,0.06980161368846893,0.04516575112938881,0.020443445071578026,0.0669490396976471,0.04836409166455269,0.02813675068318844,0.03768854960799217
305,A,0.3367774784564972,0.0348450131714344,0.00012969608360435814,0.0,0.04396697133779526,0.0015131209511309862,0.0001729281066218391,0.12360036373138428,0.0006917124264873564,0.13631057739257812,0.014612425118684769,0.0,0.02243742160499096,0.0015995849389582872,0.0,0.01915178820490837,0.029138386249542236,0.23120488226413727,0.00021616012963932008,0.003631490282714367
306,A,0.49430230259895325,0.16508278250694275,0.0,0.007439260371029377,0.011438400484621525,0.015566544607281685,0.006106213666498661,0.0,0.0038271339144557714,0.004945172928273678,0.001290045096538961,0.03444420546293259,0.0004300150612834841,0.00025800903677009046,0.0059772091917693615,0.21797463297843933,0.011223392561078072,0.016641583293676376,0.00021500753064174205,0.0028380993753671646
307,S,0.031948331743478775,0.006071044132113457,0.04516684636473656,0.2063724398612976,0.030182993039488792,0.02544671669602394,0.06045209988951683,0.022992465645074844,0.0986437052488327,0.006975242402404547,0.007664155215024948,0.028977395966649055,0.005855758674442768,0.13029064238071442,0.07423035800457001,0.07987082749605179,0.01029063481837511,0.0018945102347061038,0.0,0.1266738474369049
308,C,0.007786620873957872,0.01750914193689823,0.0,0.0,0.031705744564533234,0.0007743600872345269,0.00017208002100232989,0.018756721168756485,0.0036136803682893515,0.8423317074775696,0.024822542443871498,0.00636696070432663,0.0006022800807841122,0.004775220528244972,0.00047322004684247077,0.005506560672074556,0.0018068401841446757,0.030329102650284767,0.0,0.002667240332812071
309,L,0.0015044057508930564,0.0018912529340013862,0.0001719320862321183,0.0,0.021534493193030357,0.0,0.00047281323350034654,0.006791317369788885,0.0003868471831083298,0.8445304036140442,0.06752632558345795,0.0017623038729652762,0.0012894906103610992,0.009843111969530582,8.596604311605915e-05,0.0024070492945611477,0.018009886145591736,0.003223726525902748,0.01715022511780262,0.0014184396713972092
310,K,0.02216399647295475,0.025256646797060966,0.016880718991160393,0.05360594391822815,0.0020617670379579067,0.5763497948646545,0.0028778831474483013,0.0026631157379597425,0.03255873918533325,0.003908766899257898,0.0380997397005558,0.03732657432556152,0.00042953481897711754,0.07241956889629364,0.0271466001868248,0.06348524242639542,0.005240324884653091,0.00025772087974473834,0.0006013487582094967,0.016665950417518616
311,T,0.0011169824283570051,0.1217510849237442,0.0013747476041316986,0.0004296086262911558,0.0238003171980381,0.007432229351252317,0.0,0.30132749676704407,0.0007303346646949649,0.17270267009735107,0.03372427821159363,0.0,0.0002148043131455779,0.0002148043131455779,0.00034368690103292465,0.0009880998404696584,0.04034024849534035,0.27696868777275085,0.0,0.016539931297302246
312,D,0.0019767091143876314,0.0061020152643322945,0.2668127715587616,0.1117270439863205,0.001933737308718264,0.017188776284456253,0.008809247985482216,0.00021485969773493707,0.07391173392534256,0.00025783164892345667,0.0,0.206394225358963,0.09874951839447021,0.03914743661880493,0.01392290834337473,0.11185596138238907,0.03678397834300995,0.0034807270858436823,0.0,0.00073052296647802
313,Q,0.1157156378030777,0.018332041800022125,0.0074447025544941425,0.08714175224304199,0.021817712113261223,0.04182804003357887,0.018633272498846054,0.05719080939888954,0.030209140852093697,0.07926671952009201,0.00636887876316905,0.02211894281208515,0.08890610188245773,0.0821499302983284,0.037696875631809235,0.14286944270133972,0.023754196241497993,0.09342456609010696,0.0001290988875553012,0.02500215172767639
314,Q,0.09219477325677872,0.0008055854123085737,0.16053526103496552,0.3284102976322174,0.013247404247522354,0.019736841320991516,0.002327246591448784,0.0013873970601707697,0.05495882406830788,0.023003937676548958,0.013247404247522354,0.031104547902941704,0.021392768248915672,0.06596849113702774,0.00362513423897326,0.09720730036497116,0.0615825280547142,0.005997135769575834,0.0,0.0032670963555574417
315,S,0.06252969056367874,0.00012955046258866787,0.27784255146980286,0.22027896344661713,0.007298009470105171,0.017230210825800896,0.0063911559991538525,0.031005743891000748,0.03113529458642006,0.03778555244207382,0.043615322560071945,0.03515135869383812,0.0035410458222031593,0.05095651373267174,0.021159907802939415,0.03735371679067612,0.06058643013238907,0.05341797322034836,0.0,0.0025910092517733574
316,L,0.0021482277661561966,0.0044253491796553135,0.002749731531366706,0.0,0.14921589195728302,0.010182599537074566,0.0,0.048163264989852905,0.0,0.662814199924469,0.06805585324764252,0.0,0.0,0.0,0.0,0.018345864489674568,0.001374865765683353,0.030547797679901123,0.0010311492951586843,0.0009452201775275171
317,S,0.042670100927352905,0.015840308740735054,0.002532732440158725,0.13393431901931763,0.043700363487005234,0.0027473706286400557,0.03185232728719711,0.04842240735888481,0.05550547316670418,0.1255204975605011,0.022322386503219604,0.02863275445997715,0.0,0.06821206212043762,0.08366601914167404,0.13977248966693878,0.0813908576965332,0.06516420096158981,0.001330757630057633,0.006782571319490671
318,I,0.007354522589594126,0.007354522589594126,0.06188981235027313,0.13306954503059387,0.0032256676349788904,0.044514212757349014,0.03509526327252388,0.018278783187270164,0.2097974270582199,0.0033116855192929506,0.0032686765771359205,0.09216807782649994,0.0,0.05788998305797577,0.12094103544950485,0.09629693627357483,0.07401832193136215,0.022536665201187134,0.007569566834717989,0.0014192938106134534
319,A,0.37136590480804443,0.07556339353322983,0.0005590916844084859,0.011826939880847931,0.007784276735037565,0.06945639103651047,0.0006020987639203668,0.021632548421621323,0.023954927921295166,0.01866506040096283,0.01556855347007513,0.08799242973327637,0.0,0.0,0.0035695855040103197,0.13052640855312347,0.026320315897464752,0.03565284609794617,0.06072596088051796,0.03823326900601387
320,L,0.0006449948414228857,0.0012039904249832034,0.010534916073083878,0.0,0.060672514140605927,0.0,0.0,0.17247162759304047,0.017113862559199333,0.6180770397186279,0.026272790506482124,0.02296181581914425,0.001461988314986229,0.0,0.0004299965512473136,0.015565875917673111,0.006750945933163166,0.045364636927843094,0.0002149982756236568,0.00025799794821068645
321,C,0.0008170285727828741,0.14938722550868988,0.0,0.0032681142911314964,0.07809073477983475,0.00748226186260581,0.0,0.06678133457899094,0.012384433299303055,0.15471941232681274,0.0023220812436193228,0.0218877661973238,8.600301225669682e-05,0.007869275286793709,0.0064502255991101265,0.04846269637346268,0.3703719675540924,0.068544402718544,0.0,0.001075037638656795
322,Y,0.01613456942141056,0.006393752060830593,0.0006007552146911621,0.020768966525793076,0.022785788401961327,0.0019739100243896246,0.10637658834457397,0.03141091763973236,0.14808616042137146,0.0057500856928527355,0.0061362856067717075,0.01656368002295494,0.009998283348977566,0.04055097699165344,0.10066941380500793,0.13568486273288727,0.17773772776126862,0.015233436599373817,0.006694129668176174,0.13044971227645874
323,R,0.02063314989209175,0.03435998782515526,0.014541867189109325,0.039807822555303574,0.00480439281091094,0.010380920022726059,0.08690802752971649,0.0005576527328230441,0.1580301970243454,0.022777969017624855,0.0,0.022005833685398102,0.1651080995798111,0.007807137910276651,0.37015271186828613,0.00433253264054656,0.030713794752955437,0.0028740563429892063,0.0,0.004203843418508768
324,S,0.0046491604298353195,0.031812310218811035,0.0006026689661666751,0.008652604185044765,0.0010331467492505908,0.018510546535253525,0.02961687557399273,0.07636676728725433,0.16685320436954498,0.02083512768149376,0.001076194574125111,0.04489883780479431,0.0013344812905415893,0.07950925827026367,0.15931984782218933,0.054627638310194016,0.14481274783611298,0.09612569957971573,0.0,0.05936289206147194
325,I,0.03242916986346245,0.00043123893556185067,0.018543275073170662,0.032731037586927414,0.015653973445296288,0.0177670456469059,0.015179610811173916,0.28017595410346985,0.019319504499435425,0.17072750627994537,0.11039716750383377,0.0015093362890183926,0.00439863745123148,0.011341583915054798,0.02095821313560009,0.02958299219608307,0.05580231919884682,0.16046401858329773,0.000603734515607357,0.001983699155971408
326,S,0.04286515340209007,0.0024580620229244232,0.027383673936128616,0.10914658010005951,0.05442235618829727,0.003881150623783469,0.001207469031214714,0.06908448040485382,0.2565871775150299,0.043555133044719696,0.032558541744947433,0.05269739776849747,0.004873000085353851,0.04459010809659958,0.035577211529016495,0.01811203546822071,0.06792013347148895,0.12367933243513107,0.0,0.009401009418070316
327,T,0.12546809017658234,0.001506477827206254,0.006843713577836752,0.0008178022690117359,0.010545345023274422,0.05685877799987793,0.001506477827206254,0.08190935105085373,0.0032712090760469437,0.047949038445949554,0.010846640914678574,0.05332931503653526,0.0025825335178524256,0.027202686294913292,0.006025911308825016,0.04880988225340843,0.2614384591579437,0.2318684607744217,0.018723366782069206,0.0024964490439742804
328,G,0.06331294775009155,0.010681367479264736,0.0200706347823143,0.010422947816550732,0.0,0.26526832580566406,0.01408390048891306,0.019553793594241142,0.10121457278728485,0.06387285888195038,0.009690756909549236,0.022654836997389793,0.04737703502178192,0.03871995955705643,0.1394607573747635,0.05435438081622124,0.07515720278024673,0.04251012206077576,0.0,0.0015935911796987057
329,V,0.12042780965566635,0.0,0.0,0.002352941082790494,0.0,0.08320855349302292,0.013048128224909306,0.028449198231101036,0.023101603612303734,0.2260962575674057,0.0,0.005133689846843481,0.0,0.0034224598202854395,0.011336898431181908,0.020106952637434006,0.2917647063732147,0.05989304929971695,0.1116577535867691,0.0
330,G,0.02471482940018177,0.0,0.009294465184211731,0.017321504652500153,0.005069708451628685,0.2989015579223633,0.0,0.1791297048330307,0.0,0.07308829575777054,0.0061258976347744465,0.0025348542258143425,0.18124207854270935,0.07055344432592392,0.0023236162960529327,0.060202788561582565,0.06632868945598602,0.0,0.0006337135564535856,0.0025348542258143425
331,K,0.11165690422058105,0.0,0.0034007178619503975,0.009068581275641918,0.006045720539987087,0.12204799056053162,0.0,0.00831286609172821,0.2546759843826294,0.0,0.0,0.06461364030838013,0.0,0.09578689187765121,0.21859058737754822,0.02588324248790741,0.06442470848560333,0.004156433045864105,0.009446438401937485,0.0018892877269536257
332,R,0.18613392114639282,0.0,0.006821662187576294,0.0051510510966181755,0.0013921760255470872,0.05958513170480728,0.008492273278534412,0.02965334802865982,0.2607545554637909,0.005568704102188349,0.0,0.02464151382446289,0.028539607301354408,0.08450508117675781,0.2004733383655548,0.09021300077438354,0.008074620738625526,0.0,0.0,0.0
333,C,0.010648278519511223,0.0037057886365801096,0.009850829839706421,0.044516369700431824,0.0,0.26020264625549316,0.01946711726486683,0.018012946471571922,0.029833942651748657,0.03372736647725105,0.00666103744879365,0.15559621155261993,0.0027207054663449526,0.04118585214018822,0.11187728494405746,0.08509241044521332,0.08377896249294281,0.0697532594203949,0.0011258091544732451,0.012243174947798252
334,S,0.007081895601004362,0.0024060287978500128,0.11626112461090088,0.5249228477478027,0.0004539676883723587,0.04008534550666809,0.00022698384418617934,0.014980933628976345,0.01611585170030594,0.0024514254182577133,0.00022698384418617934,0.01888505555689335,0.007672053761780262,0.035727255046367645,0.05365898087620735,0.07395133376121521,0.06782276928424835,0.014935536310076714,0.0015888868365436792,0.0005447611911222339
335,V,0.014924027025699615,0.0025249109603464603,0.023761214688420296,0.11465801298618317,0.04616979882121086,0.0101447319611907,0.016186483204364777,0.05415032058954239,0.09761486202478409,0.0322377011179924,0.018981920555233955,0.014878939837217331,0.027278056368231773,0.02962261624634266,0.044456467032432556,0.08715451508760452,0.12286397069692612,0.14495694637298584,0.01600613258779049,0.08142837882041931
336,I,0.0009861933067440987,0.010579164139926434,0.02214452251791954,0.00892056617885828,0.0352339968085289,0.014523937366902828,0.0,0.2918235659599304,0.00040344271110370755,0.10632956773042679,0.008158507756888866,0.011206742376089096,0.004706831648945808,0.0010758471908047795,0.02232383005321026,0.006230948492884636,0.07526447623968124,0.29850277304649353,0.0,0.08158507943153381
337,S,0.027874721214175224,0.012617449276149273,0.021073825657367706,0.053154364228248596,0.028993288055062294,0.04089485481381416,0.006800894625484943,0.10630872845649719,0.08970917016267776,0.03136465325951576,0.03279642015695572,0.01252796407788992,0.0012527963845059276,0.11937360465526581,0.05923937261104584,0.08644295483827591,0.18192394077777863,0.08304250240325928,0.0,0.004608501214534044
338,V,0.006196504924446344,0.025677602738142014,0.028530670329928398,0.0018277460476383567,0.0002228958619525656,0.00633024238049984,0.003120542038232088,0.037847716361284256,0.4015246033668518,0.03133915737271309,0.005126604810357094,0.00040121254278346896,0.0012036376865580678,0.028218615800142288,0.09963445365428925,0.12232524901628494,0.10966476798057556,0.09080777317285538,0.0,0.0
339,P,0.12063294649124146,0.0017779357731342316,0.006044982001185417,0.0598275400698185,0.009156369604170322,0.12165525555610657,0.021868610754609108,0.0018223841907456517,0.011245444416999817,0.014445728622376919,0.011912169866263866,0.052582450211048126,0.3028269112110138,0.023202061653137207,0.035203129053115845,0.0923193171620369,0.07680682837963104,0.0336918830871582,0.0022668682504445314,0.000711174332536757
340,M,0.012189696542918682,0.022066019475460052,0.003247619839385152,0.0018684936221688986,0.02838330902159214,0.03607972338795662,0.07175905257463455,0.027982916682958603,0.015704244375228882,0.3244505822658539,0.04195212945342064,0.036613576114177704,0.012679063715040684,0.16740813851356506,0.032431710511446,0.011033009737730026,0.004582258407026529,0.05405285209417343,0.0023133731447160244,0.09320224076509476
341,D,0.006794564425945282,0.00044408917892724276,0.12083666771650314,0.018252065405249596,0.00022204458946362138,0.01616484671831131,0.006616928614675999,0.0008881783578544855,0.07589484006166458,0.009814370423555374,0.0,0.18558485805988312,0.0188737902790308,0.008304467424750328,0.00963673461228609,0.19735322892665863,0.3216981887817383,0.0026201261207461357,0.0,0.0
342,C,0.1011500358581543,0.01136716827750206,0.0056391810066998005,0.05417166277766228,0.0030194041319191456,0.010523511096835136,0.01749478280544281,0.02539851702749729,0.1273922175168991,0.09053771942853928,0.003374628024175763,0.0009768659947440028,0.06891345977783203,0.03303583338856697,0.02588694915175438,0.04724479466676712,0.043559346348047256,0.25864747166633606,0.0,0.07166644185781479
343,N,0.10403086245059967,0.0019511330174282193,0.0760054960846901,0.297636479139328,0.0023502283729612827,0.012283269315958023,0.006296838168054819,0.004567424766719341,0.02904527448117733,0.018003636971116066,0.020708616822957993,0.0599529966711998,0.05241452530026436,0.1411023885011673,0.02625160664319992,0.07746884971857071,0.03352401405572891,0.027094142511487007,0.0,0.009312225505709648
344,Q,0.038695093244314194,0.0,0.01719781942665577,0.16918575763702393,0.0006648641428910196,0.025442134588956833,0.023092947900295258,0.003279996570199728,0.06107885390520096,0.00500864302739501,0.02278267778456211,0.019369708374142647,0.0,0.45361465215682983,0.007668099831789732,0.06364966183900833,0.05358805134892464,0.011834581382572651,0.0045654005371034145,0.019281059503555298
345,A,0.7348705530166626,0.02972877398133278,0.0011926848674193025,0.0,0.0012368584284558892,0.022130930796265602,0.0,0.021026592701673508,0.0,0.000530082150362432,0.008746355772018433,0.00017669405497144908,0.0,0.0,0.0,0.04284830763936043,0.00967399962246418,0.1278381496667862,0.0,0.0
346,A,0.08630245178937912,0.019530219957232475,0.05269640311598778,0.0694994255900383,0.0039148409850895405,0.015131521038711071,0.0033430105540901423,0.1407143473625183,0.013108120299875736,0.08735813945531845,0.02040995843708515,0.09307645261287689,0.0,0.03778481483459473,0.036685142666101456,0.09976246953010559,0.06897158175706863,0.10939561575651169,0.015219494700431824,0.02709597907960415
347,Y,0.029112977907061577,0.0020229562651365995,0.14292624592781067,0.10255508124828339,0.09784951061010361,0.012313646264374256,0.004309776239097118,0.016447512432932854,0.029420819133520126,0.010774440132081509,0.009675007313489914,0.09626632928848267,0.001539205783046782,0.035577643662691116,0.022032631561160088,0.0765644907951355,0.08531598001718521,0.03830423578619957,0.005541140679270029,0.18145036697387695
348,S,0.3467734754085541,0.07833938300609589,0.0001327786158071831,0.0029653890524059534,0.004514473024755716,0.05532442405819893,0.007524121552705765,0.04722492769360542,0.02996370755136013,0.014472869224846363,0.015667876228690147,0.11277329921722412,0.0,0.003230946371331811,0.01540231890976429,0.09675134718418121,0.08608479797840118,0.07705585658550262,0.0,0.005797999445348978
349,R,0.015266837552189827,0.008983096107840538,0.0,0.00013275511446408927,0.0,0.0,0.0,0.05004867538809776,0.047172315418720245,0.09947782754898071,0.004469422157853842,0.0,0.0008407823625020683,0.0010620409157127142,0.6312062740325928,0.0018143198685720563,0.005575714632868767,0.1339499056339264,0.0,0.0
350,D,0.0042020524851977825,0.0,0.6222133636474609,0.17427459359169006,0.019108280539512634,0.05741330608725548,0.013092710636556149,0.0,0.006590587552636862,0.0023885350674390793,0.0006634819437749684,0.04936305806040764,0.01897558383643627,0.002123142359778285,0.0029635527171194553,0.009377211332321167,0.00849256943911314,0.0,0.0,0.00875796191394329
351,A,0.5668479800224304,0.01578877493739128,0.0071646543219685555,0.013975498266518116,0.0,0.06801999360322952,0.0,0.0008402989478781819,0.0,0.011498828418552876,0.0,0.02065366506576538,0.001061430317349732,0.0032727434299886227,0.010127813555300236,0.1460351198911667,0.07929768413305283,0.05541550740599632,0.0,0.0
352,L,0.0,0.012573236599564552,0.0,0.0,0.11709361523389816,0.0,0.0,0.10469144582748413,0.0,0.5879485011100769,0.12675875425338745,0.0,0.0,0.0,0.0,0.0002993627858813852,0.0048753367736935616,0.040670573711395264,0.0003421288856770843,0.0047470382414758205
353,A,0.6056627035140991,0.06838886439800262,0.0,0.0,0.00042769769788719714,0.007099781651049852,0.0,0.04110174998641014,0.0,0.007484709843993187,0.009665967896580696,0.0,0.00042769769788719714,0.03002437949180603,0.0001710790820652619,0.17672468721866608,0.008468414656817913,0.044352252036333084,0.0,0.0
354,K,0.02836727723479271,0.0,0.0,0.0062895771116018295,0.0,0.0,0.0,0.008214958012104034,0.7441810965538025,0.0,0.017157282680273056,0.003080609254539013,0.0,0.004620913881808519,0.1076073944568634,0.043171316385269165,0.007273660972714424,0.030035940930247307,0.0,0.0
355,A,0.4103529453277588,0.009155080653727055,0.011636363342404366,0.005005347542464733,0.025540107861161232,0.097368985414505,0.03952941298484802,0.0331122986972332,0.0016684491420164704,0.010053476318717003,0.006417112424969673,0.025326203554868698,0.00012834224617108703,0.011465240269899368,0.0,0.10613903403282166,0.16598930954933167,0.01668449118733406,0.0,0.024427806958556175
356,L,0.0008984341402538121,0.03183024004101753,0.0,0.0,0.0,0.0,0.0,0.2524600028991699,0.00034226063871756196,0.5065885186195374,0.02643963322043419,0.0,0.0,0.0,0.0,0.01223581749945879,0.04620518535375595,0.12299991399049759,0.0,0.0
357,Y,0.0,0.0,0.0,0.0,0.011214793659746647,0.0,0.010273093357682228,0.0,0.0,0.0,0.0,0.0,0.0,0.0,0.0,0.0,0.0,0.0,0.0,0.9785121083259583
358,E,0.08393613994121552,0.0439583957195282,0.05423104763031006,0.23147712647914886,0.0018833198118954897,0.17313700914382935,0.003038993338122964,0.002482557902112603,0.012327183969318867,0.004879510495811701,0.0,0.01416770089417696,0.0,0.06946881860494614,0.0008988571935333312,0.2782604992389679,0.01956084370613098,0.005992380902171135,0.0,0.00029961904510855675
359,R,0.04425801336765289,0.03133159130811691,0.0,0.11389804631471634,0.002268544165417552,0.01018704753369093,0.031460002064704895,0.002910585142672062,0.08958609402179718,0.08457817882299423,0.00368103408254683,0.018019946292042732,0.0,0.02525360696017742,0.5060994029045105,0.017206694930791855,0.0016265034209936857,0.0008132517104968429,0.014296108856797218,0.002525360556319356
360,L,0.013689839281141758,0.011679144576191902,0.0,0.0,0.00894117634743452,0.0008983957231976092,0.003764705965295434,0.05818181857466698,0.0,0.7063957452774048,0.10643850266933441,0.0008128342451527715,0.0,0.0,0.0,0.0015401069540530443,0.056342244148254395,0.028320856392383575,0.0,0.00299465237185359
361,F,0.0,0.0,0.0,0.0,0.9192830920219421,0.0,0.0,0.0,0.0,0.0441012904047966,0.0,0.0,0.0,0.0,0.0,0.00025665154680609703,0.0,0.035931218415498734,0.0,0.00042775258771143854
362,N,0.050173234194517136,0.007656443864107132,0.24590444564819336,0.07866033911705017,0.0017537105595692992,0.029513666406273842,0.011591599322855473,0.01633944921195507,0.03024081513285637,0.08383592218160629,0.0007271483191289008,0.1082167774438858,0.0,0.0191624965518713,0.05945506691932678,0.09589802473783493,0.1370888352394104,0.017922066152095795,0.0,0.0058599598705768585
363,W,0.0298871211707592,0.014280827715992928,0.001111681223846972,0.00034205574775114655,0.05130836367607117,0.00034205574775114655,0.026765862479805946,0.0,0.02556866779923439,0.03655720874667168,0.00034205574775114655,0.00025654182536527514,0.0,0.010389943607151508,0.004574995953589678,0.007525226566940546,0.013896015472710133,0.021292971447110176,0.6542243957519531,0.10133402049541473
364,L,0.0012401641579344869,0.0003848785418085754,0.0,0.0,0.0,0.0,0.0,0.36486485600471497,0.0,0.37512829899787903,0.05024803429841995,0.0,0.0,0.0,0.0,0.0,0.006500171031802893,0.19650188088417053,0.0,0.005131714046001434
365,V,0.004661506041884422,0.0,0.0,0.0,0.0058161914348602295,0.0,0.0,0.1953555941581726,0.0,0.04152589663863182,0.0015823461581021547,0.010007270611822605,0.0,0.0,0.0,0.0,0.012444938533008099,0.7286062240600586,0.0,0.0
366,S,0.04546426609158516,0.01313031930476427,0.08010777831077576,0.09413626790046692,0.06903041154146194,0.041272830218076706,0.03862110152840614,0.03507121279835701,0.04388178512454033,0.07672896981239319,0.007228091359138489,0.16915443539619446,4.2769770516315475e-05,0.02942560240626335,0.03639707341790199,0.13587956130504608,0.04717505723237991,0.01676574908196926,0.0014541721902787685,0.019032547250390053
367,K,0.006834685802459717,0.017257582396268845,0.012302435003221035,0.0009397693211212754,0.005766766145825386,0.002605724148452282,0.026099957525730133,0.016317812725901604,0.2217855602502823,0.10674925148487091,0.015079026110470295,0.020546775311231613,0.0,0.024434002116322517,0.43131139874458313,0.028278512880206108,0.040153779089450836,0.02234088070690632,0.0,0.001196070108562708
368,I,0.02390557900071144,0.03914163261651993,0.0,0.0,0.0,0.001716738217510283,0.0,0.6502575278282166,0.0,0.06197424978017807,0.007725321687757969,0.0,0.0,0.0,0.0,0.00618025753647089,0.02635193057358265,0.1827467828989029,0.0,0.0
369,N,0.0005579638527706265,0.00042920297710224986,8.58405910548754e-05,0.0,0.0,0.004334949888288975,0.0,0.0,0.0005579638527706265,0.0,0.0,0.9843341112136841,0.0,0.0,0.0,0.0,0.00969998724758625,0.0,0.0,0.0
370,T,0.07055793702602386,0.0060944207943975925,0.08472102880477905,0.15759657323360443,0.0007725321920588613,0.02304721064865589,0.03892703726887703,0.02557939849793911,0.10944206267595291,0.012446352280676365,0.017424892634153366,0.028326179832220078,0.0,0.10892704129219055,0.12879827618598938,0.0762660950422287,0.09836909919977188,0.009828326292335987,0.00042918455437757075,0.0024463520385324955
371,I,0.27587687969207764,0.03559008985757828,0.0034345081076025963,0.0025329499039798975,0.01592753268778324,0.002275361679494381,0.0008156956755556166,0.022710684686899185,0.05405057221651077,0.04125703126192093,0.034087494015693665,0.048168979585170746,0.0030051947105675936,0.03477439656853676,0.02627398818731308,0.27892500162124634,0.05452281981706619,0.041686344891786575,0.002575881080701947,0.021508608013391495
372,I,0.0,0.020554805174469948,0.0,0.0,0.045899927616119385,0.0,0.008622567169368267,0.24273832142353058,0.0,0.5919086933135986,0.04711927846074104,0.004485476762056351,0.0,0.0,0.0,0.005138701293617487,0.008491922169923782,0.015198362991213799,0.0,0.009841919876635075
373,N,0.060393624007701874,0.04589392989873886,0.15335713326931,0.047896891832351685,0.0025254725478589535,0.07672210782766342,0.016067229211330414,0.012017765082418919,0.12553340196609497,0.059653401374816895,0.021074632182717323,0.07306452840566635,0.02930418960750103,0.0377514585852623,0.05895671993494034,0.08604023605585098,0.04310720041394234,0.006531394086778164,0.0008273099083453417,0.043281372636556625
374,C,0.057605206966400146,0.0073875379748642445,0.02647201158106327,0.0032540345564484596,0.04801899567246437,0.03535464406013489,0.005804494023323059,0.004045556299388409,0.07537047564983368,0.026428038254380226,0.0,0.1046128123998642,0.10953783988952637,0.08245020359754562,0.05109713599085808,0.13886812329292297,0.11331955343484879,0.07026955485343933,0.0002638406294863671,0.039839938282966614
375,T,0.07326619327068329,0.0,0.10629314929246902,0.05176129192113876,0.0006596596213057637,0.037292756140232086,0.015260125510394573,0.017546946182847023,0.2489115595817566,0.033202867954969406,0.0,0.02524297498166561,0.0634152740240097,0.0719468742609024,0.034917984157800674,0.10286292433738708,0.10097189992666245,0.015655921772122383,0.0,0.0007915915339253843
376,T,0.039269495755434036,0.0,0.08427723497152328,0.09101342409849167,0.0002494885411579162,0.034978292882442474,0.02145601436495781,0.002943964907899499,0.18252582848072052,0.056683797389268875,0.01042862143367529,0.03323187306523323,0.0404171459376812,0.18222643435001373,0.04435906559228897,0.06027643382549286,0.0497480183839798,0.06566538661718369,0.0,0.0002494885411579162
377,E,0.01754695363342762,0.0014108102768659592,0.12163830548524857,0.10585486143827438,0.017943743616342545,0.026452694088220596,0.04545454680919647,0.010228374972939491,0.04862887039780617,0.03954677656292915,0.0068336124531924725,0.16087646782398224,0.0574905201792717,0.046512652188539505,0.09862446039915085,0.10056432336568832,0.061546601355075836,0.015122123062610626,0.0,0.01772330515086651
378,K,0.029487235471606255,0.005045013502240181,0.058409079909324646,0.05832209810614586,0.050537120550870895,0.0063497587107121944,0.016831209883093834,0.013221414759755135,0.073805071413517,0.02144130878150463,0.006610707379877567,0.11238203197717667,0.0065237246453762054,0.13765059411525726,0.14782759547233582,0.18870960175991058,0.034532248973846436,0.027138695120811462,0.0008698299643583596,0.004305658396333456
379,G,0.04741229489445686,0.03668808564543724,0.06143626198172569,0.05765891075134277,0.014979159459471703,0.1217002421617508,0.04671761021018028,0.03898923099040985,0.09013546258211136,0.08553317189216614,0.009899270720779896,0.06877388060092926,0.009334838949143887,0.10151094198226929,0.03660124912858009,0.06195727735757828,0.08522924780845642,0.010333449579775333,0.000824939226731658,0.014284473843872547
380,P,0.10250510275363922,0.03299613669514656,0.0007380714523606002,0.03117266483604908,0.08305475115776062,0.016801979392766953,0.027786219492554665,0.0008249033708125353,0.09078279137611389,0.12616680562496185,0.010463248006999493,0.1199583187699318,0.0016498067416250706,0.017236139625310898,0.03486302122473717,0.1095384880900383,0.07259149849414825,0.015759997069835663,0.011809143237769604,0.09330091625452042
381,V,0.012046626769006252,0.0016466611996293068,0.005243315827101469,0.008623304776847363,0.3587554693222046,4.3333187932148576e-05,4.3333187932148576e-05,0.02422325313091278,0.001169996103271842,0.037439875304698944,0.013216622173786163,0.06361312419176102,4.3333187932148576e-05,0.005763314198702574,0.0009533301345072687,0.24496251344680786,0.06495644897222519,0.08194305747747421,0.007669974584132433,0.06764310598373413
382,I,0.011347886174917221,0.033047471195459366,0.0,0.0,0.04028066620230675,0.0,0.0,0.7370928525924683,0.0,0.06968988478183746,0.02733021415770054,0.00047643797006458044,0.0010828136000782251,0.0015159390168264508,0.0,8.662508480483666e-05,0.009485446847975254,0.06856375932693481,0.0,0.0
383,G,0.033882901072502136,0.0005192782264202833,0.0,0.0036349473521113396,0.00047600502148270607,0.761824369430542,0.007659353315830231,0.0032887619454413652,0.0,0.025271538645029068,0.03626292943954468,0.031199965626001358,0.0,0.0,0.00038945864071138203,0.044874291867017746,0.049417976289987564,0.0012981955660507083,0.0,0.0
384,I,0.0,0.0,0.000173085238202475,0.0,0.0,0.0,0.011337083764374256,0.3688446581363678,0.0,0.18602336943149567,0.003418433479964733,0.0,0.0,0.0,0.0,0.0,0.0,0.430203378200531,0.0,0.0
385,L,0.0,0.003804719541221857,0.0,0.0,0.008464432321488857,0.0005129958735778928,0.0032489739824086428,0.05719904229044914,0.0,0.8430232405662537,0.0025649794843047857,0.0,0.00047024624655023217,0.0,0.0,0.0,0.0014107386814430356,0.07930061221122742,0.0,0.0
386,D,0.0,0.0005129958735778928,0.9544288516044617,0.0,0.0,0.000683994556311518,0.030266758054494858,0.0,0.0,0.0,0.0,0.0,0.00047024624655023217,0.0,0.0,0.0,0.002436730545014143,0.0,0.011200410313904285,0.0
387,I,0.0,0.0,0.0,0.0,0.05192529410123825,0.030001282691955566,0.003034317633137107,0.7467412948608398,0.0,0.020470960065722466,0.03965981304645538,0.0,0.0,0.0008120005368255079,0.0,0.01012863777577877,0.05077140033245087,0.04594213515520096,0.0005128424381837249,0.0
388,Y,0.20043601095676422,0.0017098401440307498,0.0,0.00012823801080230623,0.24916645884513855,0.0,0.0,0.009660596959292889,0.0,0.00042746003600768745,0.0,0.0,0.12785328924655914,0.0,0.01119945291429758,0.0027784903068095446,0.0076515343971550465,0.0005129520432092249,0.0,0.3884756863117218
389,G,0.0005138306296430528,0.0,0.0,0.0,0.0,0.9678427577018738,0.0,0.0,0.0,0.0024406954180449247,0.0,0.0004710113862529397,0.0,0.0,0.0,0.0,0.0,0.0,0.0,0.028731694445014
390,F,0.002129290485754609,0.0,0.0,0.0,0.9573715925216675,0.0,0.0,0.003917894326150417,0.0,0.016182607039809227,0.0,0.0,0.0,0.0016182607505470514,0.0,0.0006387871690094471,0.0035772081464529037,0.00021292905148584396,0.0,0.014351418241858482
391,E,0.008803979493677616,0.0018488357309252024,0.0,0.8730906248092651,0.0,0.0003521591715980321,0.0038297311402857304,0.0,0.0,0.001320596900768578,0.0,0.00242109433747828,0.0,0.07465774565935135,0.02350662462413311,0.005590526852756739,0.0,0.004578069318085909,0.0,0.0
392,V,0.04949606955051422,0.03143149986863136,0.07324051856994629,0.02750256285071373,0.0068756407126784325,0.0,0.029680559411644936,0.27758798003196716,0.005551759619265795,0.0,0.0011957635870203376,0.2567475140094757,0.0,0.010804577730596066,0.00939528550952673,0.0721728727221489,0.03147420659661293,0.08771780133247375,0.0,0.029125384986400604
393,F,0.003074951935559511,0.0,0.0,0.0005124919698573649,0.6838778853416443,0.0011103993747383356,0.0015801836270838976,0.0011958146933466196,0.04390348121523857,0.11458466947078705,0.0014947683084756136,0.007516549434512854,0.07601964473724365,0.00461242813616991,0.002519752364605665,0.02912662737071514,0.003630151506513357,0.002434337045997381,0.0,0.022805893793702126
394,Q,0.04176809638738632,0.011018577963113785,0.15118514001369476,0.27439674735069275,0.0012812300119549036,0.011103993281722069,0.002647875342518091,0.0012812300119549036,0.12035020440816879,0.002989536616951227,0.00021353832562454045,0.015374760143458843,0.04595344886183739,0.1398676037788391,0.05671577900648117,0.09583600610494614,0.01934657245874405,0.004868674091994762,0.0,0.003800982376560569
395,N,0.0061452025547623634,0.03107716701924801,0.03985602781176567,0.02238609455525875,0.053068213164806366,0.07413747906684875,0.09007111191749573,0.06816785037517548,0.12795189023017883,0.0612325519323349,0.016679834574460983,0.08932490646839142,0.0061452025547623634,0.012465981766581535,0.06566587835550308,0.01733824983239174,0.03867087885737419,0.16179439425468445,0.0,0.017821086570620537
396,N,0.04093848168849945,0.0057235234417021275,0.0,0.0,0.030671093612909317,0.0,0.0002621461171656847,0.0,0.0,0.0008301293128170073,0.0,0.8357654809951782,0.0024030059576034546,0.02603984624147415,0.0017476406646892428,0.04404054582118988,0.011578119359910488,0.0,0.0,0.0
397,S,0.003487704787403345,0.005871705245226622,0.01593748666346073,0.005297779571264982,0.0,0.11933247745037079,0.009491854347288609,0.0,0.0,0.0009712595492601395,0.0,0.01403911504894495,0.0,0.006180742755532265,0.014392300508916378,0.7085779905319214,0.08220387250185013,0.014215707778930664,0.0,0.0
398,F,0.00017613386444281787,0.00017613386444281787,0.00017613386444281787,0.00017613386444281787,0.8005724549293518,0.00017613386444281787,0.00017613386444281787,0.005372082814574242,0.00017613386444281787,0.1477763056755066,0.014266842976212502,0.00017613386444281787,0.00017613386444281787,0.00017613386444281787,0.00017613386444281787,0.0027741084340959787,0.00017613386444281787,0.006737119983881712,0.012637604959309101,0.007749889977276325
399,E,0.010573153384029865,0.0,0.05938587710261345,0.8807876706123352,0.0,0.0,0.0011894797207787633,0.0,0.0,0.0,0.0,0.004229261074215174,0.0,0.00039649324025958776,0.0,0.04343803599476814,0.0,0.0,0.0,0.0
400,Q,0.00013210621546022594,0.00013210621546022594,0.025672640651464462,0.053547050803899765,0.00013210621546022594,0.00013210621546022594,0.009379541501402855,0.00013210621546022594,0.00013210621546022594,0.0007926372927613556,0.00013210621546022594,0.033290766179561615,0.00013210621546022594,0.8694350123405457,0.0025100179482251406,0.00013210621546022594,0.003787044668570161,0.00013210621546022594,0.00013210621546022594,0.00013210621546022594
401,L,0.03055495023727417,0.0,0.0,0.0,0.3801088035106659,0.0,0.0,0.002872687764465809,0.0,0.576278567314148,0.008574537932872772,0.0,0.0,0.0,0.0,0.0,0.0,0.0013492926955223083,0.00026115341461263597,0.0
402,N,0.03838454186916351,0.7658194899559021,0.0,0.0,0.012011488899588585,0.0,0.0,0.01714683696627617,4.351988900452852e-05,0.07676908373832703,0.03703542426228523,0.01292540691792965,0.0,0.0,0.010444773361086845,0.0033510313369333744,0.0018713552271947265,0.007485420908778906,0.00548350578173995,0.011228131130337715
403,I,0.0011319111799821258,0.003700478933751583,0.0,0.0,0.009708315134048462,0.0,0.06508489698171616,0.8380931615829468,0.0,0.006791467312723398,0.00026121028349734843,0.020983891561627388,0.0,0.030561601743102074,0.0017414018511772156,0.0007400957983918488,0.0,0.01993905007839203,0.0,0.0012625163653865457
404,N,0.0,0.0,0.0,0.0,0.0,0.0,0.002002524910494685,0.002263723872601986,0.0005223978077992797,0.0,0.0,0.9949501752853394,0.0,0.0,0.0,0.0,0.00026119890389963984,0.0,0.0,0.0
405,F,0.019187260419130325,0.00013052558642812073,0.00013052558642812073,0.00013052558642812073,0.23912286758422852,0.00013052558642812073,0.00013052558642812073,0.04550991952419281,0.00013052558642812073,0.06569787859916687,0.005873651243746281,0.00013052558642812073,0.00013052558642812073,0.00013052558642812073,0.00013052558642812073,0.0028280543629080057,0.035720501095056534,0.0020884093828499317,0.009180299006402493,0.5734859108924866
406,C,0.3697950541973114,0.20232345163822174,0.0,0.0,0.0,0.00900665670633316,0.0,0.0024365836288779974,0.0,0.035112909972667694,0.002610625233501196,0.0,0.0002610625233501196,0.0,0.0,0.032371751964092255,0.28225210309028625,0.06339468061923981,0.0,0.00043510421528480947
407,N,0.03358925133943558,0.004580352455377579,0.0009160704794339836,0.03232420235872269,0.0,0.0,0.015049729496240616,0.0004362240433692932,0.0020066306460648775,0.0,0.0,0.8340603709220886,0.0,0.052957598119974136,0.0,0.016532890498638153,0.007546675857156515,0.0,0.0,0.0
408,E,0.0,0.0,0.013891308568418026,0.9805347323417664,0.0,0.0002177321002818644,0.002046681707724929,0.0,0.0003919177979696542,0.0,0.0,0.0022644137497991323,0.0,0.00017418568313587457,0.0,0.0004790106322616339,0.0,0.0,0.0,0.0
409,K,0.005354344379156828,0.014844157733023167,0.0,0.02629287913441658,0.01258053258061409,0.0,0.017325440421700478,0.053369320929050446,0.5407887697219849,0.001175343873910606,0.004004875663667917,0.015061814337968826,0.0,0.0657321959733963,0.18788090348243713,0.008314469829201698,0.02442103438079357,0.0172819085419178,0.0,0.0055720005184412
410,L,0.0,0.0,0.0,0.0,0.0060492646880447865,0.0,0.0,0.09326311945915222,0.0,0.8643485307693481,0.026547132059931755,0.0,0.0,0.00013055966701358557,0.0,0.0,0.002001914894208312,0.00765950046479702,0.0,0.0
411,Q,0.0,0.0,0.0,0.002480094088241458,0.0,0.0,0.1240917220711708,0.02036287635564804,0.0310229305177927,0.02475742995738983,0.0,0.012835574336349964,0.0,0.7652177810668945,0.003219771198928356,0.0,0.0,0.0,0.0,0.016011834144592285
412,Q,0.02500000037252903,0.005900349467992783,0.0,0.02631118893623352,0.027316434308886528,0.008347902446985245,0.045847903937101364,0.0,0.07250874489545822,0.03041958063840866,0.004501748364418745,0.05839160829782486,0.0,0.5595716834068298,0.030900349840521812,0.05673076957464218,0.009222027845680714,0.0017482517287135124,0.0,0.03728146851062775
413,L,0.0,0.0,0.0004847309610340744,0.01921297237277031,0.2782355844974518,0.0,0.10818313807249069,0.08302119374275208,0.0,0.24562640488147736,0.0,0.05530339851975441,0.0,0.05697792395949364,0.0,0.0,0.0021151897963136435,0.01590798981487751,0.01317586936056614,0.12175560742616653
414,F,0.0,0.023486383259296417,0.0,0.0,0.7928527593612671,0.0,0.0,0.010355159640312195,0.018330836668610573,0.0028201285749673843,0.002511677099391818,0.0,0.0,0.0,0.0,0.002599806059151888,0.006741870194673538,0.014276901260018349,0.0,0.1260244995355606
415,I,0.000793370942119509,0.0006170662818476558,0.0005729901022277772,0.0028208745643496513,0.0,0.0,0.04883638769388199,0.22218793630599976,0.0017630464863032103,0.10635578632354736,0.0015426657628268003,0.4622267186641693,0.0,0.014677362516522408,0.0,0.005377292167395353,0.029619181528687477,0.07938116788864136,0.0,0.02322813868522644
416,E,0.02066807635128498,0.0,0.0331394337117672,0.1504054218530655,0.02269522286951542,0.004450907930731773,0.2023179978132248,0.001277983421459794,0.11281508952379227,0.02771902084350586,0.005552617833018303,0.0671161636710167,0.0006169574917294085,0.22937598824501038,0.03613608330488205,0.031597036868333817,0.03595981001853943,0.007535695564001799,0.00030847874586470425,0.010312004014849663
417,L,0.011840594001114368,0.026818061247467995,0.001767252804711461,0.034726519137620926,0.03618450090289116,0.0,0.3399752676486969,0.02721569314599037,0.00698064872995019,0.14341256022453308,0.010559335350990295,0.039100468158721924,0.00013254396617412567,0.07842184603214264,0.08071926981210709,0.02942475862801075,0.07532914727926254,0.012370769865810871,0.0,0.04502076655626297
418,T,0.005923175718635321,0.003049993421882391,0.0,0.012730407528579235,0.012376784346997738,0.0,0.0,0.26362550258636475,0.0,0.0716085433959961,0.16085399687290192,0.0,8.840560622047633e-05,0.0,0.0,0.00375723815523088,0.16854529082775116,0.27224504947662354,0.0,0.025195596739649773
419,L,0.0,0.0067922198213636875,0.0,0.0,0.6187976598739624,0.0,0.004057689569890499,0.06333524733781815,0.0,0.2542671859264374,0.0012349491007626057,0.0,0.0,0.0,0.0,0.0,0.0018965288763865829,0.011246857233345509,0.0,0.038371630012989044
420,K,0.04581664502620697,0.0,0.04410017281770706,0.044892389327287674,0.004401214886456728,0.0,0.024998899549245834,0.07416047155857086,0.3969455659389496,0.019365344196558,0.0,0.008626380935311317,0.0015404251171275973,0.03789445757865906,0.07200387120246887,0.014876105822622776,0.030236344784498215,0.1319924294948578,0.0,0.048149287700653076
421,S,0.05546262860298157,0.025486398488283157,0.00334536493755877,0.05312967672944069,0.004665903747081757,0.011224579997360706,0.04542653262615204,0.006602693814784288,0.046571001410484314,0.32053878903388977,0.045250460505485535,0.06857997924089432,0.0,0.10674355179071426,0.042917508631944656,0.11902455985546112,0.007395016960799694,0.006382604129612446,0.02161281742155552,0.00963993277400732
422,E,0.0,0.0014080168912187219,0.03850046172738075,0.806309700012207,0.0036960444413125515,0.001496017910540104,0.0,0.0017600210849195719,0.011748140677809715,0.0028160337824374437,0.0024200291372835636,0.0036960444413125515,0.014696176163852215,0.03603643178939819,0.013200158253312111,0.01553218625485897,0.028688345104455948,0.017380207777023315,0.0,0.000616007368080318
423,Q,0.012985858134925365,0.0,0.0,0.07262296229600906,0.0,0.0,0.023748109117150307,0.01240772008895874,0.0597260519862175,0.050120074301958084,0.0206795334815979,0.0,0.0,0.6742417216300964,0.021969225257635117,0.0030685761012136936,0.024014942348003387,0.024415191262960434,0.0,0.0
424,E,0.027660425752401352,0.007382043171674013,0.071952685713768,0.5895406007766724,0.0,0.014052563346922398,0.0008004624978639185,0.013474452309310436,0.10308177769184113,0.03917819261550903,0.008894027210772038,0.03433094546198845,0.0,0.03548717126250267,0.011206475086510181,0.008982967585325241,0.011784587055444717,0.021834837272763252,0.0,0.0003557611198630184
425,E,0.004626952111721039,0.0,0.010232682339847088,0.6108911037445068,0.0007118387729860842,0.0,0.0,0.10633091628551483,0.00017795969324652106,0.13983182609081268,0.01014370284974575,0.001379187568090856,0.0020020464435219765,0.0019130667205899954,0.05525648593902588,0.03706010431051254,0.005472260527312756,0.006584508810192347,0.007385327015072107,0.0
426,Y,0.006941045634448528,0.045873191207647324,0.0,0.0,0.02892102301120758,0.0037819799035787582,0.04636262357234955,0.0,8.898776286514476e-05,0.04969966784119606,0.006540600676089525,0.0,0.0,0.002669632900506258,0.0013793103862553835,0.0,0.0,0.0019132369197905064,0.0,0.8058286905288696
427,V,0.0788370668888092,0.0,0.008606081828474998,0.12467671185731888,0.0049496120773255825,0.0016944617964327335,0.012797645293176174,0.05810220167040825,0.15794166922569275,0.06421118229627609,0.030589494854211807,0.043431732803583145,0.0,0.14603585004806519,0.07839114964008331,0.007669669110327959,0.039329349994659424,0.10287166386842728,0.0,0.039864443242549896
428,R,0.06558473408222198,0.0,0.03326050937175751,0.13834767043590546,0.0,0.017878638580441475,0.0011592134833335876,0.002585937734693289,0.17312407493591309,0.01899326778948307,0.02166837640106678,0.047572340816259384,0.001426724367775023,0.10366044193506241,0.2565874457359314,0.06808149814605713,0.03901199251413345,0.005751482676714659,0.0,0.005305631086230278
429,E,0.0006680621881969273,0.00325123593211174,0.04306774213910103,0.920456051826477,0.009219258092343807,0.0,0.00035629983176477253,0.001247049425728619,0.0,0.0,0.0,0.0,0.005389034748077393,0.005166347604244947,0.0,0.0,0.0,0.011178907006978989,0.0,0.0
430,G,0.01606551557779312,0.0,0.03947015106678009,0.058936722576618195,0.0,0.6563143134117126,0.011948446743190289,0.0,0.016736775636672974,0.014364986680448055,0.006130851339548826,0.09572182595729828,0.0,0.043273963034152985,0.018213549628853798,0.013246218673884869,0.008905396796762943,0.0,0.0,0.0006712610484100878
431,I,0.0026802464853972197,0.0,0.0,0.0,0.0004913785378448665,0.0,0.0,0.6690342426300049,0.0,0.21553649008274078,0.00911283865571022,0.0,0.0003573662252165377,0.0,0.0,0.0,0.0,0.10278745740652084,0.0,0.0
432,E,0.0382094606757164,0.0,0.16246823966503143,0.2276962846517563,0.02795488014817238,0.02215881273150444,0.005394801497459412,0.002719693351536989,0.05376967415213585,0.015872308984398842,0.0,0.0824379175901413,0.09518926590681076,0.03945784643292427,0.04324758052825928,0.09264791011810303,0.05212002247571945,0.03803111985325813,0.0,0.0006241918890736997
433,W,0.025992225855588913,0.037564415484666824,0.0,0.0,0.005514872260391712,0.009357200935482979,0.013154326006770134,0.07051803916692734,0.0005876502837054431,0.033315252512693405,0.051758430898189545,0.000271223223535344,0.0016725431196391582,0.0,0.0,0.0009492812678217888,0.024500496685504913,0.08222583681344986,0.6392279267311096,0.0033902903087437153
434,K,0.03284671530127525,0.00017803098307922482,0.04424069821834564,0.1689513921737671,0.0,0.02514687553048134,0.043929144740104675,0.0557682029902935,0.034048423171043396,0.014776570722460747,0.006898700259625912,0.10000890493392944,0.02470179833471775,0.05421043187379837,0.03155599161982536,0.1680167317390442,0.16227523982524872,0.024968843907117844,0.0,0.007477301172912121
435,N,0.021360864862799644,0.0,0.05220061540603638,0.048328958451747894,0.19558541476726532,0.011748475953936577,0.03604646027088165,0.002759111812338233,0.08895910531282425,0.058386363089084625,0.01989230513572693,0.1015976145863533,0.11712874472141266,0.014018068090081215,0.07756663858890533,0.055404745042324066,0.022384406998753548,0.01526411809027195,0.0,0.06136798486113548
436,I,0.014461798593401909,0.004049303475767374,0.023939838632941246,0.004538780078291893,0.0008454589988104999,0.0,0.0,0.5850131511688232,0.001512926653958857,0.10279001295566559,0.01904507540166378,0.01842210628092289,0.001957905013114214,0.0027143682818859816,0.001245939522050321,0.021848440170288086,0.018778089433908463,0.17745739221572876,0.001379433088004589,0.0
437,E,0.01709325611591339,0.005519697442650795,0.39701756834983826,0.19559314846992493,0.00013354106340557337,0.004540396388620138,0.02078789286315441,0.01121744979172945,0.038326285779476166,0.037302471697330475,0.00017805474635679275,0.07068773359060287,0.045715559273958206,0.02742043137550354,0.006543511990457773,0.08386378735303879,0.016292009502649307,0.014689517207443714,0.0,0.007077676244080067
438,Y,0.004495482426136732,0.010014688596129417,0.0,0.003961365669965744,0.41367340087890625,0.0020029377192258835,0.007077046204358339,0.027061913162469864,0.0,0.0037833265960216522,0.0,0.020429963245987892,0.02114211954176426,0.012195664457976818,0.003961365669965744,0.009258022531867027,0.014821738936007023,0.012106644921004772,0.017670361325144768,0.41634395718574524
439,F,0.0216390211135149,0.0243215449154377,0.005096794571727514,0.033486831933259964,0.21634550392627716,0.00997004471719265,0.007063978351652622,0.08069924265146255,0.01086421962827444,0.11038583517074585,0.052488040179014206,0.030759600922465324,0.06509590148925781,0.049000758677721024,0.0019224750576540828,0.08838914334774017,0.0819510892033577,0.06938793510198593,0.0,0.04113202542066574
440,N,0.0,0.0015655051684007049,0.7338641285896301,0.010645435191690922,0.008990473113954067,0.0,0.013105515390634537,0.0,0.007201323751360178,0.0008498457027599216,8.945744048105553e-05,0.152524933218956,0.015163036063313484,0.0,0.0,0.04513127729296684,0.006888222880661488,0.0039808559231460094,0.0,0.0
441,N,0.009235711768269539,0.0,0.0005800205399282277,0.0,0.0,0.0019185293931514025,0.011466559953987598,0.03132110834121704,0.00196314649656415,0.1532592624425888,0.0,0.6865658164024353,0.03439967706799507,0.01365279033780098,0.0039709098637104034,0.01632980816066265,0.01173426117748022,0.01160041056573391,0.0005354035529308021,0.011466559953987598
442,K,0.12725894153118134,0.010084333829581738,0.03489357978105545,0.06697604060173035,4.462094511836767e-05,0.03279639407992363,0.00040158850606530905,0.004372852388769388,0.13185489177703857,0.009593503549695015,4.462094511836767e-05,0.00517602963373065,0.0049083037301898,0.37959039211273193,0.03766007721424103,0.08446744829416275,0.033644191920757294,0.033153362572193146,0.0006693141767755151,0.0024095310363918543
443,P,0.10091006755828857,0.005130263976752758,0.1484653800725937,0.0677194893360138,0.0,0.04701998457312584,0.0,0.10412205755710602,0.0148554602637887,0.010751249268651009,0.003524268278852105,0.06125089153647423,0.2506691515445709,0.017844397574663162,0.003836545394733548,0.0831102803349495,0.039926838129758835,0.04050678014755249,0.0,0.00035688793286681175
444,I,0.03466714173555374,0.37037697434425354,0.0,0.0,0.0,0.00017823722737375647,0.0005347116966731846,0.23331253230571747,0.0,0.06888869404792786,0.006906692869961262,0.007396845147013664,0.0013813385739922523,0.0003119151515420526,0.0033419481478631496,0.013011317700147629,0.052401747554540634,0.19793245196342468,0.009223776869475842,0.00013367792416829616
445,C,0.0012474938994273543,0.14274893701076508,0.0,0.0,0.0,0.0008019603556022048,0.0,0.4118511974811554,0.0,0.22196480631828308,0.01398975308984518,8.910670294426382e-05,0.007173089776188135,0.0,0.0,0.005524615757167339,0.03127645328640938,0.12795722484588623,0.002673201262950897,0.03270215913653374
446,E,0.03216739371418953,0.0005353796877898276,0.5368965864181519,0.17493531107902527,0.0,0.015035245567560196,0.021593647077679634,0.013429107144474983,0.020433656871318817,0.00227536354213953,0.0,0.047113411128520966,0.0,0.021370571106672287,0.03399660810828209,0.07133933901786804,0.007138395681977272,0.0017399839125573635,0.0,0.0
447,L,0.014338037930428982,0.000938002485781908,0.0004913346492685378,0.0,0.029837412759661674,0.012685366906225681,0.0014740038895979524,0.03180275112390518,0.002546006813645363,0.7630873918533325,0.046230122447013855,0.006074682809412479,0.0026800071354955435,0.012640700675547123,0.0014293371932581067,0.025772735476493835,0.021931391209363937,0.026040736585855484,0.0,0.0
448,I,0.008810572326183319,0.004627775400876999,0.0,0.0,0.09455791115760803,0.009211053140461445,0.0,0.5522181987762451,0.0,0.20428958535194397,0.019801540300250053,0.0032483425457030535,0.0003114848805125803,0.0026698706205934286,0.004538780078291893,0.0,0.0028033640701323748,0.09082009643316269,0.0008009611628949642,0.0012904374161735177
449,E,0.053059592843055725,0.004488290287554264,0.11749544739723206,0.5132648944854736,0.03195129707455635,0.04634937644004822,8.887703734217212e-05,0.010665244422852993,0.003110696328803897,0.0591476708650589,0.006043638568371534,0.003021819284185767,0.0009332089102827013,0.03421765938401222,0.015686796978116035,0.05617028847336769,0.016442252323031425,0.02666311152279377,0.00102208589669317,0.00017775407468434423
450,K,0.07665335386991501,0.0,0.0969611406326294,0.06287133693695068,0.0,0.08848738670349121,0.021720074117183685,0.01826239377260208,0.28192266821861267,0.019918184727430344,0.0077919550240039825,0.049478914588689804,0.0,0.10728547722101212,0.05381318926811218,0.08770819008350372,0.018505891785025597,0.007499756291508675,0.0,0.0011200935114175081
451,K,0.00696150679141283,0.0034580035135149956,0.022431522607803345,0.027345526963472366,0.0,0.019428519532084465,0.02393302321434021,0.0,0.503685474395752,0.009600509889423847,0.0003640003560576588,0.07502957433462143,0.1611611545085907,0.04786604642868042,0.03185003250837326,0.025525525212287903,0.020748021081089973,0.008417508564889431,0.0,0.01219401229172945
452,P,0.020474083721637726,0.022511553019285202,0.02181583270430565,0.06683894246816635,0.01177756767719984,0.030412960797548294,0.07792078703641891,0.00407493906095624,0.015256174840033054,0.020424390211701393,0.003379217814654112,0.03965611383318901,0.5194056630134583,0.01282115001231432,0.04691149294376373,0.0560055673122406,0.017442727461457253,0.01177756767719984,0.0,0.001093276310712099
453,I,0.004174228757619858,0.008121596649289131,0.008076225407421589,0.009528130292892456,0.04323956370353699,0.06569872796535492,0.010163339786231518,0.06755898147821426,0.09818511456251144,0.1279038041830063,0.12000907212495804,0.05290381237864494,0.10272232443094254,0.013203267008066177,0.08189655095338821,0.03357531875371933,0.0622958242893219,0.03983666002750397,0.010889291763305664,0.040018148720264435
454,G,0.011421837843954563,0.006934687029570341,0.0,0.00018129900854546577,0.0,0.8018401861190796,0.0004532475140877068,0.0006345465080812573,0.0024475366808474064,0.0005892217741347849,0.0,0.04727371782064438,0.0,0.009382223710417747,0.00729728490114212,0.11154421418905258,0.0,0.0,0.0,0.0
455,L,0.0,0.0008476088405586779,0.0,0.0,0.041800498962402344,0.00923447497189045,0.0,0.5423358082771301,0.0,0.29180049896240234,0.012312633916735649,0.0,0.0,0.0,0.0,0.0,0.0,0.10166845470666885,0.0,0.0
456,I,0.0007127266144379973,0.01033453643321991,0.0,0.0028063610661774874,0.2105216234922409,0.0,0.0,0.12909260392189026,0.0,0.4701768457889557,0.09238719195127487,0.0,0.0,0.0,0.0,0.009220900945365429,0.0009799990803003311,0.030691789463162422,0.0,0.04307541623711586
457,S,0.18525949120521545,0.02421080879867077,0.0664793998003006,0.002853575861081481,0.0012038523564115167,0.002675227355211973,0.06759408116340637,0.0,0.00989834126085043,0.006242197472602129,0.0,0.04369537904858589,0.02024255320429802,0.00374531839042902,0.020554663613438606,0.39909934997558594,0.051810238510370255,0.003566969884559512,0.07009095698595047,0.02077759988605976
458,L,0.012098567560315132,0.003024641890078783,0.0,0.0,0.005204163491725922,0.0026688016951084137,0.001645761076360941,0.2573169767856598,0.002401921432465315,0.5480384230613708,0.06712036579847336,0.009385285899043083,0.002802241826429963,0.0014678409788757563,0.0012454407988116145,0.0047593628987669945,0.012232007458806038,0.06467396020889282,0.0,0.00391424261033535
459,L,0.002401921432465315,0.009207366034388542,0.0,0.0,0.00031136019970290363,0.0,0.0008006404968909919,0.11128903180360794,0.0,0.8312427997589111,0.031180499121546745,0.0003558402240741998,0.0,0.002802241826429963,0.0006227203994058073,0.0,0.0012899208813905716,0.008495685644447803,0.0,0.0
460,D,4.4523596443468705e-05,4.4523596443468705e-05,0.6984416842460632,0.18219056725502014,4.4523596443468705e-05,0.00031166517874225974,4.4523596443468705e-05,0.0006233303574845195,0.034283168613910675,0.0004452359862625599,4.4523596443468705e-05,0.061531610786914825,0.00057880679378286,4.4523596443468705e-05,0.009572573006153107,0.0016918967012315989,0.006634016055613756,0.0011130899656563997,4.4523596443468705e-05,0.002270703436806798
461,E,0.009834898635745049,4.450180131243542e-05,0.17969827353954315,0.7148769497871399,4.450180131243542e-05,0.0011570468777790666,0.0006230252329260111,0.031284768134355545,0.001513061230070889,4.450180131243542e-05,4.450180131243542e-05,0.030127720907330513,4.450180131243542e-05,0.0022250900510698557,4.450180131243542e-05,0.02104935236275196,4.450180131243542e-05,0.0048506963066756725,4.450180131243542e-05,0.002403097227215767
462,A,0.10281512141227722,0.002526391763240099,0.009609311819076538,0.579761803150177,0.001985022099688649,0.0,0.00036091310903429985,0.033610034734010696,0.001127853523939848,0.03324912115931511,0.006270865444093943,0.004511414095759392,0.04051249846816063,0.05476856604218483,0.0,0.017459170892834663,0.0514301173388958,0.05752052739262581,0.0,0.0024812775664031506
463,C,0.03676207363605499,0.5057244896888733,0.0,0.0001341681636404246,0.0,0.021869409829378128,0.020259391516447067,0.0026833631563931704,0.0,0.0,0.012701252475380898,0.021466905251145363,0.0,0.02267441898584366,0.0,0.291726291179657,0.034838996827602386,0.024776386097073555,0.004382826387882233,0.0
464,L,0.03464749827980995,0.005938295274972916,0.0,0.00013394650886766613,0.016966557130217552,0.004018395207822323,0.01718980260193348,0.020359870046377182,0.12523998320102692,0.20248247683048248,0.12095370143651962,0.07246506214141846,0.0013841139152646065,0.027235791087150574,0.13649149239063263,0.0511675663292408,0.03446890041232109,0.0537571981549263,0.06469616293907166,0.010403178632259369
465,I,0.009655293077230453,0.009611603803932667,0.0,0.0,0.3510419726371765,0.008475687354803085,0.00013106732512824237,0.0470968596637249,0.03237362951040268,0.14924199879169464,0.05268906429409981,0.043077461421489716,0.0,0.026126086711883545,0.09161605685949326,0.020752325654029846,0.08034426718950272,0.07055790722370148,0.001004849444143474,0.006203853525221348
466,A,0.04363494738936424,0.0023375863675028086,0.0018018895061686635,0.007889354601502419,0.028781533241271973,0.010373040102422237,0.021184377372264862,0.012905425392091274,0.01986948400735855,0.010178240947425365,0.0320931151509285,0.026833543553948402,0.6685010194778442,0.009155547246336937,0.0023862861562520266,0.008668549358844757,0.04436544328927994,0.0474335253238678,0.0006817960529588163,0.0009252946474589407
467,K,0.032579515129327774,0.0012740592937916517,0.022341538220643997,0.026436729356646538,9.100422903429717e-05,0.10106019675731659,0.0694817304611206,0.01942940428853035,0.3013150095939636,0.00559676019474864,0.005414751823991537,0.04841425269842148,0.008736406452953815,0.17222550511360168,0.062428902834653854,0.03571915999054909,0.054284024983644485,0.025845201686024666,0.007234836462885141,9.100422903429717e-05
468,S,0.365855872631073,0.014275971800088882,0.006183223333209753,0.002909752307459712,0.01122982520610094,0.2377813160419464,0.005319390911608934,0.013002955354750156,0.03428051993250847,0.00709252106025815,9.0929759608116e-05,0.01468515582382679,0.022914297878742218,0.007183450739830732,0.05082973465323448,0.12943850457668304,0.006683337036520243,0.0519663542509079,9.0929759608116e-05,0.018185950815677643
469,T,0.04033525288105011,0.00222629657946527,0.037847042083740234,0.0006547931116074324,0.00013095862232148647,0.013837960548698902,0.00013095862232148647,0.0012222804361954331,0.017373843118548393,0.0013095862232148647,0.004365287255495787,0.08957569301128387,0.002750131068751216,0.010476689785718918,0.05679238587617874,0.24384494125843048,0.468089759349823,0.008686921559274197,0.00013095862232148647,0.00021826436568517238
470,D,0.018923869356513023,0.0007412575068883598,0.6670445799827576,0.0756954774260521,0.002747013233602047,0.001308101462200284,0.039112236350774765,0.00013081014913041145,0.05389378219842911,0.0008284642826765776,0.0006104473723098636,0.06658236682415009,0.006017266772687435,0.00013081014913041145,0.0029214266687631607,0.015958838164806366,0.0013953082961961627,0.03845818340778351,0.0005232405965216458,0.006976541597396135
471,Q,0.04777947813272476,0.00048129510832950473,0.10816013813018799,0.16792824864387512,0.0128637058660388,0.026296215131878853,0.06374972313642502,0.017457887530326843,0.07495077699422836,0.052242398262023926,0.02839641273021698,0.04235396906733513,0.0030190329998731613,0.14745132625102997,0.049573399126529694,0.08164515346288681,0.05211113393306732,0.018420476466417313,0.0,0.005119230132550001
472,T,0.05160525441169739,0.0007027098326943815,0.006807501427829266,0.03434494137763977,0.00048311299178749323,0.025561070069670677,0.031753700226545334,0.03087531216442585,0.030392199754714966,0.01989547163248062,0.017084632068872452,0.07334534078836441,0.0005709517281502485,0.028635425493121147,0.007993324659764767,0.2224515825510025,0.38029778003692627,0.037199702113866806,0.0,0.0
473,F,0.016806723549962044,0.012823879718780518,0.0,0.0,0.5193890333175659,0.002801120514050126,0.0,0.012211134657263756,0.0,0.2803746461868286,0.050989147275686264,0.0018820028053596616,0.0010504202218726277,0.0,0.0,0.0013567927526310086,0.0022321429569274187,0.017331933602690697,0.05190826207399368,0.028842786327004433
474,L,0.07471870630979538,0.04891877621412277,0.0012306610587984324,0.0011867088032886386,0.029228199273347855,0.002812939463183284,0.020218003541231155,0.05177566781640053,0.0569620244204998,0.44835618138313293,0.013976792804896832,0.012790084816515446,0.005581927020102739,0.016174402087926865,0.010109001770615578,0.022986989468336105,0.03481012582778931,0.11634141951799393,0.0033403655979782343,0.0284810122102499
475,D,0.08281992375850677,0.0,0.11168808490037918,0.2524203360080719,0.0008361203945241868,0.012409786693751812,0.0104295015335083,0.0025083611253648996,0.021035028621554375,0.021563105285167694,0.000616088742390275,0.10486710071563721,0.0,0.1754092574119568,0.019362788647413254,0.09527371823787689,0.06763774156570435,0.02019890956580639,0.0,0.0009241330553777516
476,S,0.03405436500906944,0.0,0.00418520625680685,0.04061852768063545,0.0004846028459724039,0.005594959948211908,0.0025111238937824965,0.0,0.6306445002555847,0.0005286576342768967,0.0003524384228512645,0.012687783688306808,0.0,0.007401206996291876,0.1481563001871109,0.06176483631134033,0.02502312883734703,0.012115071527659893,0.0007489316631108522,0.013128331862390041
477,I,0.004935442470014095,0.04851716384291649,0.0,0.0011016613570973277,0.09223108738660812,0.0007491296855732799,0.0,0.11805402487516403,0.0027321199886500835,0.523289144039154,0.07196051627397537,0.0,0.0,0.0,0.0,0.0021592562552541494,0.004450711887329817,0.11946415156126022,0.0004406645311973989,0.009914951398968697
478,C,0.008752155117690563,0.054634664207696915,0.05202670022845268,0.07457012683153152,0.054634664207696915,0.018741987645626068,0.13145913183689117,0.06537594646215439,0.0714317262172699,0.030720947310328484,0.0037130354903638363,0.10869469493627548,0.0,0.08292445540428162,0.021659372374415398,0.032002829015254974,0.015117358416318893,0.03527383506298065,0.002431154251098633,0.1358352154493332
479,K,0.041021328419446945,0.0,0.11523143947124481,0.05708469823002815,0.0008407823625020683,0.0265510231256485,0.015134083107113838,0.0007965306867845356,0.13824231922626495,0.0030091158114373684,0.017213912680745125,0.07797150313854218,0.0,0.20046021044254303,0.06478449702262878,0.15027879178524017,0.030533675104379654,0.019869014620780945,0.0,0.040977079421281815
480,Q,0.053275611251592636,0.03896275907754898,0.03538454696536064,0.07147590070962906,0.010116181336343288,0.00026505280402489007,0.0859212800860405,0.011662323027849197,0.14776693284511566,0.04161328822374344,0.0017670185770839453,0.10716968029737473,0.0004417546442709863,0.1565578430891037,0.05407077074050903,0.018376993015408516,0.08631885796785355,0.02531254105269909,0.0,0.0535406619310379
481,F,0.005054797511547804,0.06034444272518158,0.0015209125122055411,0.0,0.15150973200798035,0.0014761798083782196,0.3350480794906616,0.042182955890893936,0.0003578617761377245,0.1365242749452591,0.01901140622794628,0.022142697125673294,0.03140237182378769,0.04947439208626747,0.0,0.009975397028028965,0.00670990813523531,0.04070677608251572,0.017356297001242638,0.0692015215754509
482,E,0.08434922993183136,0.003540695644915104,0.00878451019525528,0.0886966660618782,0.0046611689031124115,0.3331391215324402,0.014342058449983597,0.03693079948425293,0.15121906995773315,0.0006722839898429811,0.005647185258567333,0.03576550632715225,0.004705987870693207,0.029894227162003517,0.029042666777968407,0.10554858297109604,0.05324488878250122,0.006185012403875589,0.003630333347246051,0.0
483,K,0.012487132102251053,0.005818377248942852,0.06816452741622925,0.05339479818940163,0.0016112428857013583,0.15955780446529388,0.021214697510004044,0.0003580539778340608,0.21729400753974915,0.015485834330320358,0.0020588103216141462,0.15226244926452637,0.036431990563869476,0.011323456652462482,0.024884751066565514,0.14205791056156158,0.07313252240419388,0.0020588103216141462,0.0,0.0004028107214253396
484,N,0.018618807196617126,0.011323456652462482,0.003580539720132947,0.011278700083494186,0.0019245401490479708,0.016246698796749115,0.36069461703300476,0.0,0.056572526693344116,0.003356755943968892,0.0006713512120768428,0.22982589900493622,0.0011636754497885704,0.018439779058098793,0.026451237499713898,0.20498590171337128,0.029002372175455093,0.005147025920450687,0.0,0.0007161079556681216
485,P,0.07425243407487869,0.0,0.0199046041816473,0.09071730077266693,0.020867731422185898,0.03999266028404236,0.009493670426309109,0.007154650520533323,0.09956888854503632,0.01738213188946247,0.0,0.0650339350104332,0.26875802874565125,0.03976334631443024,0.013804806396365166,0.16162171959877014,0.050953954458236694,0.01614382676780224,0.0007796734571456909,0.0038066410925239325
486,H,0.04290178418159485,0.012500000186264515,0.0018749999580904841,0.005178571213036776,0.03035714291036129,0.030669642612338066,0.16598214209079742,0.0044196429662406445,0.13973213732242584,0.07410714030265808,0.003214285708963871,0.14959821105003357,0.0047767856158316135,0.015535714104771614,0.11660714447498322,0.030089285224676132,0.016607142984867096,0.039598215371370316,0.0,0.11625000089406967
487,L,0.005400339141488075,0.001963759772479534,0.01959296688437462,0.0102651072666049,0.47567614912986755,0.010979201644659042,0.01187182031571865,0.0844416692852974,0.0012050343211740255,0.09475140273571014,0.004864768590778112,0.019369810819625854,0.00102651072666049,0.02021779865026474,0.003034901339560747,0.005489600822329521,0.007988931611180305,0.010041953064501286,0.0012942961184307933,0.21052396297454834
488,Q,0.060671526938676834,0.00031505984952673316,0.012602394446730614,0.11405166983604431,0.022099198773503304,0.06733279675245285,0.040282655507326126,0.0650823637843132,0.08583130687475204,0.05639571696519852,0.026915114372968674,0.01341254822909832,0.0019353677053004503,0.14123684167861938,0.02997569553554058,0.06895310431718826,0.06607255339622498,0.10023404657840729,0.021064002066850662,0.00553605193272233
489,S,0.049476344138383865,0.0018057060660794377,0.007313109468668699,0.021217046305537224,0.05403575301170349,0.017109064385294914,0.005055977031588554,0.032186709344387054,0.3745485842227936,0.0211267601698637,0.014174791984260082,0.03263813629746437,0.04514265060424805,0.012278800830245018,0.06013001129031181,0.11263091117143631,0.07678765058517456,0.048167210072278976,0.002798844361677766,0.01137594785541296
490,Y,0.012186865322291851,0.0006319115054793656,0.009614082984626293,0.009523809887468815,0.013179869391024113,0.06341683864593506,0.03367185592651367,0.040622882544994354,0.03656059503555298,0.015120740048587322,0.0009027307387441397,0.038817424327135086,0.4506431818008423,0.0041074249893426895,0.07853757590055466,0.07822161912918091,0.07226359844207764,0.017016474157571793,0.017603250220417976,0.007357255555689335
491,V,0.05038181692361832,0.0008133387309499085,0.03470245376229286,0.009714880026876926,0.0026659436989575624,0.03922100365161896,0.014866025187075138,0.04188694432377815,0.3342370390892029,0.011206001043319702,0.0056481859646737576,0.053318873047828674,0.03388911485671997,0.051059599965810776,0.1912701576948166,0.058244090527296066,0.05006551742553711,0.016492702066898346,0.0,0.0003162983921356499
492,V,0.033872444182634354,0.0,0.02822703681886196,0.01113823615014553,0.0,0.013274336233735085,0.029142508283257484,0.013426914811134338,0.08452853560447693,0.18538297712802887,0.01510527916252613,0.04409521073102951,0.21574610471725464,0.029600244015455246,0.038297224789857864,0.11336588114500046,0.06972841173410416,0.06148916855454445,0.0,0.013579493388533592
493,S,0.15435434877872467,0.16561561822891235,0.0,0.0012012012302875519,0.059159159660339355,0.0370870865881443,0.0013513513840734959,0.03168168291449547,0.08258258551359177,0.04069069027900696,0.019819820299744606,0.0015015015378594398,0.11696697026491165,0.02777777798473835,0.028828829526901245,0.11516516655683517,0.055705707520246506,0.05765765905380249,0.0,0.0028528529219329357
494,K,0.040126457810401917,0.009362840093672276,0.2914640009403229,0.0,0.01909046620130539,0.006079766433686018,0.0,0.013861867599189281,0.1594114750623703,0.08390077948570251,0.00036478598485700786,0.1091926097869873,0.1032344326376915,0.00826848205178976,0.08256322890520096,0.029790855944156647,0.01909046620130539,0.024197470396757126,0.0,0.0
495,D,0.0636245384812355,0.0,0.10502926260232925,0.09191415458917618,0.0,0.01582484319806099,0.01799262873828411,0.014199002645909786,0.17667461931705475,0.08020810782909393,0.002276176121085882,0.06546715646982193,0.03739431872963905,0.023086927831172943,0.2372642457485199,0.0377194881439209,0.019835248589515686,0.009429872035980225,0.0,0.0020593972876667976
496,R,0.043629277497529984,0.0,0.02465265989303589,0.02363605611026287,0.06768891960382462,0.05260928347706795,0.029989834874868393,0.05947136506438255,0.27024737000465393,0.021263977512717247,0.0,0.03981701284646988,0.03320908173918724,0.10742121189832687,0.03905455768108368,0.035920027643442154,0.0767536461353302,0.018891900777816772,0.0007624534191563725,0.05498136207461357
497,S,0.01343169342726469,0.04467951878905296,0.0025053934659808874,0.011135082691907883,0.013570881448686123,0.12645277380943298,0.011622242629528046,0.013779664412140846,0.1303500533103943,0.1442689150571823,0.028812026605010033,0.06938548386096954,0.03243092820048332,0.016285058110952377,0.07641450315713882,0.1556127816438675,0.0931171253323555,0.014475607313215733,0.0,0.0016702624270692468
498,I,0.009712399914860725,0.00018859028932638466,0.04809052497148514,0.08434700965881348,0.03125884011387825,0.03267326578497887,0.007779349572956562,0.0325789712369442,0.1158415824174881,0.14153701066970825,0.03955681249499321,0.06770391017198563,0.004337576683610678,0.019000470638275146,0.09094766527414322,0.08797737210988998,0.05912305414676666,0.09141914546489716,0.0,0.0359264500439167
499,G,0.061868101358413696,0.001576848211698234,0.12355069071054459,0.03176885098218918,0.02870791219174862,0.0801873654127121,0.02819775603711605,0.00514794560149312,0.07207123935222626,0.06460439413785934,0.05004173889756203,0.06655226647853851,0.09892403334379196,0.05078378692269325,0.01298580877482891,0.12781745195388794,0.015119191259145737,0.03515443950891495,0.003385585732758045,0.041554585099220276
500,D,0.0471767857670784,0.003465483896434307,0.08830052614212036,0.20742075145244598,0.0037889289669692516,0.031466592103242874,0.0161722581833601,0.0010165419662371278,0.10026799887418747,0.043064411729574203,0.0007393031846731901,0.10207004845142365,0.12152296304702759,0.02984936721622944,0.0877460464835167,0.07790407538414001,0.017050180584192276,0.0161722581833601,0.0034192772582173347,0.0013861935585737228
501,T,0.1353624314069748,0.009433542378246784,0.02260490320622921,0.04142748937010765,0.0,0.04249544069170952,0.026031237095594406,0.003604325233027339,0.07569082826375961,0.05798068642616272,0.02638722024857998,0.11791928112506866,0.14857830107212067,0.020380010828375816,0.07066257297992706,0.0673697292804718,0.11320251226425171,0.017309660091996193,0.0,0.0035598273389041424
502,C,0.14150021970272064,0.0790945440530777,0.12197070568799973,0.10168664157390594,0.0,0.07137150317430496,0.1138925850391388,0.01309365313500166,0.022991565987467766,0.011762094683945179,0.005903240293264389,0.02893919311463833,0.0,0.07394585013389587,0.00239680428057909,0.11828672885894775,0.060896582901477814,0.031557921320199966,0.0,0.0007101641967892647
503,F,0.0,0.020619457587599754,0.0,0.0,0.8992617130279541,0.0,0.0,0.006378052290529013,0.0,0.013324013911187649,0.0007426499505527318,0.0,0.0,0.0,0.0,0.00083002052269876,0.0,0.05884408578276634,0.0,0.0
504,R,0.04373088851571083,0.03132372349500656,0.0020532982889562845,0.05674967169761658,0.01472258660942316,0.1066841408610344,0.0,0.21738751232624054,0.0028833551332354546,0.03774574026465416,0.0007426823722198606,0.0,0.0,0.04076015576720238,0.0849716067314148,0.07112275809049606,0.19239842891693115,0.09624289721250534,0.0,0.00048055918887257576
505,L,0.0019668692257255316,0.007823768071830273,0.0,0.0,0.0005682066548615694,0.0,0.0,0.5956116914749146,0.0,0.17618776857852936,0.0036277808248996735,0.0002622492320369929,0.0,0.0,0.0,0.0,0.00048079024418257177,0.21347086131572723,0.0,0.0
506,K,0.03273458406329155,0.023818889632821083,0.0034526463132351637,0.005419343709945679,0.006555657368153334,0.031423453241586685,0.08045977354049683,0.08439316600561142,0.11201433837413788,0.07036405801773071,0.01341724582016468,0.09234736114740372,0.005812683142721653,0.08448057621717453,0.14872601628303528,0.048118527978658676,0.028844892978668213,0.09107993543148041,0.0,0.036536864936351776
507,H,4.371584873297252e-05,0.0007431693957187235,0.0005245901411399245,0.0020109289325773716,0.005945355165749788,4.371584873297252e-05,0.9848743081092834,4.371584873297252e-05,4.371584873297252e-05,4.371584873297252e-05,4.371584873297252e-05,4.371584873297252e-05,4.371584873297252e-05,0.001923497300595045,4.371584873297252e-05,0.000830601085908711,0.001486338791437447,0.0011803278466686606,4.371584873297252e-05,4.371584873297252e-05
508,Y,0.0019699689000844955,0.0024952939711511135,0.0,0.0,0.20457032322883606,0.0,0.0,0.001575975096784532,0.0,0.03200105205178261,0.0,0.0,0.0007004333892837167,0.014402661472558975,0.0,0.11001182347536087,0.03186972066760063,0.0014446438290178776,0.0,0.5989581346511841
509,A,0.7615966200828552,0.022646788507699966,0.0040222094394266605,0.020766843110322952,0.03768635541200638,0.011323394253849983,0.01678835228085518,0.007825820706784725,0.0,0.028592664748430252,0.008656494319438934,0.002492021070793271,0.0014427490532398224,0.022297032177448273,0.0,0.014995846897363663,0.011804310604929924,0.007038866635411978,0.0,0.020023608580231667
510,G,0.012848527170717716,0.00192290882114321,0.038982607424259186,0.006817585788667202,0.00043702474795281887,0.8391749262809753,0.01092561800032854,0.001398479100316763,0.011318940669298172,0.005812428891658783,0.0007429420365951955,0.01870465837419033,0.0006992395501583815,0.0004807272052858025,0.003015470691025257,0.041211433708667755,0.001966611249372363,0.0035399002954363823,0.0,0.0
511,D,0.04782477393746376,0.0037153842858970165,0.12865598499774933,0.12735991179943085,0.0025057243183255196,0.007257959805428982,0.001944096409715712,0.02056422084569931,0.2093575894832611,0.0022465114016085863,0.0077331834472715855,0.04890482500195503,0.09867369383573532,0.055169135332107544,0.05119453743100166,0.020737027749419212,0.1127575933933258,0.05339784920215607,0.0,0.0
512,V,0.0011261261533945799,0.030405405908823013,0.0,0.0,0.0017758142203092575,0.0,0.0,0.05492030456662178,0.0,0.0034216910135000944,0.0007796257850714028,0.0,0.0,0.0,0.0,0.01611226610839367,0.0032484408002346754,0.8882102966308594,0.0,0.0
513,T,0.007188014220446348,0.020351607352495193,0.10782021284103394,0.11245345324277878,0.006278687156736851,0.002165064448490739,0.017710227519273758,0.03671949356794357,0.07720620185136795,0.08833463490009308,0.02368580549955368,0.06373950093984604,0.02182384952902794,0.03217285871505737,0.05468953028321266,0.06174764037132263,0.18649865686893463,0.05642158165574074,0.005845674313604832,0.017147310078144073
514,Y,0.0006558237364515662,0.0007432668935507536,0.0,0.0,0.0,0.0,0.0,0.0021423574071377516,0.0,0.0025358516722917557,0.016264427453279495,0.0021423574071377516,0.0,0.0,0.002054914366453886,0.0,0.000480937393149361,0.0,0.0010493178851902485,0.971930742263794
515,D,0.004625387489795685,0.036261290311813354,0.17759741842746735,0.05057381093502045,0.0,0.034690406173467636,0.010821660980582237,0.0001309071813011542,0.06396997720003128,0.010428939014673233,0.0009599860641174018,0.20456430315971375,0.007810795679688454,0.1523323357105255,0.01313435472548008,0.1528995931148529,0.0730898454785347,0.005192651879042387,0.0,0.0009163502836599946
516,V,0.15354759991168976,0.0311368890106678,0.0,0.0,0.0017443635733798146,0.0034015087876468897,0.0033578998409211636,0.17949500679969788,0.0,0.03331734240055084,0.018969953060150146,0.00021804544667247683,0.003183463355526328,0.0,0.0,0.1330949366092682,0.15450699627399445,0.28293576836586,0.0,0.001090227160602808
517,R,0.04131438955664635,0.011330951005220413,0.16050727665424347,0.13971933722496033,0.002789157209917903,0.006885731592774391,0.06197158619761467,0.03586681932210922,0.10032249987125397,0.0074958596378564835,0.0060577006079256535,0.1051163598895073,0.0010895144660025835,0.017475813627243042,0.04750283434987068,0.06802928447723389,0.12010808289051056,0.058223657310009,0.0005229669623076916,0.007670182269066572
518,G,0.04598350077867508,0.0007815892458893359,0.12375162541866302,0.06621797382831573,0.002648719120770693,0.4846721589565277,0.034737300127744675,0.0017368649132549763,0.04776378720998764,0.020495006814599037,0.0002605297486297786,0.10620929300785065,0.0,0.018280504271388054,0.022839773446321487,0.016760746017098427,0.0,0.0011289622634649277,0.0,0.005731654353439808
519,F,0.008124429732561111,0.0,0.0,0.0012599383480846882,0.6214971542358398,0.0016509536653757095,0.0,0.01524959784001112,0.0161619670689106,0.028153104707598686,0.05000651627779007,0.001998522784560919,0.0,0.0,0.0,0.004822522401809692,0.0007385845528915524,0.0036060302518308163,0.24395012855529785,0.0027805534191429615
520,L,0.03732510656118393,0.036499522626399994,0.0019987833220511675,0.0,0.04227861389517784,0.002129138680174947,0.0012601024936884642,0.1297905594110489,0.0023029460571706295,0.5420178771018982,0.010689145885407925,0.0,0.0023029460571706295,0.0,0.07877813279628754,0.004214825574308634,0.01155818160623312,0.0964195728302002,0.00043451812234707177,0.0
521,D,0.024666115641593933,0.007438987027853727,0.17118370532989502,0.4942358732223511,0.008178535848855972,0.02614521235227585,0.008396049961447716,0.005307347513735294,0.010658198036253452,0.0028276853263378143,0.03923957049846649,0.0891808420419693,0.0013920911587774754,0.006090398877859116,0.012702831998467445,0.037803977727890015,0.020272327587008476,0.02340453304350376,0.0,0.010875712148845196
522,K,0.02179492823779583,0.0006090399110689759,0.0024361596442759037,0.04915821924805641,4.3502848711796105e-05,0.001522599719464779,0.009701135568320751,0.006873450241982937,0.8019315004348755,0.018271196633577347,4.3502848711796105e-05,4.3502848711796105e-05,0.0006960455793887377,0.005785878747701645,0.05081132799386978,0.0006960455793887377,0.01122373528778553,4.3502848711796105e-05,0.0008265541400760412,0.0174881462007761
523,N,0.030359705910086632,4.3495281715877354e-05,0.018398502841591835,0.0038275846745818853,0.007481188513338566,0.0005654386477544904,0.0023052499163895845,4.3495281715877354e-05,0.005262929014861584,0.0023052499163895845,4.3495281715877354e-05,0.8854334354400635,4.3495281715877354e-05,0.018833456560969353,0.0031751554924994707,0.008003131486475468,0.012048192322254181,0.0010438867611810565,4.3495281715877354e-05,0.0007394197746179998
524,K,0.012401549145579338,0.005743875168263912,0.001392454607412219,8.702841296326369e-05,0.0015665114624425769,0.011009094305336475,0.02963317558169365,0.01962490752339363,0.2948087453842163,0.07236412912607193,0.07675906270742416,0.09464339911937714,0.0012183977523818612,0.005178190767765045,0.2233584225177765,0.04042469710111618,0.06975327432155609,0.038510072976350784,4.3514206481631845e-05,0.0014794830931350589
525,D,0.0029665823094546795,0.0,0.8189948797225952,0.02499781921505928,0.00039263590588234365,0.0016141697997227311,0.011866329237818718,0.0,0.00283570378087461,0.0055841547437012196,0.0,0.07822179794311523,0.008419858291745186,0.010993804782629013,0.0024866939056664705,0.005976791027933359,0.0041881161741912365,0.020460693165659904,0.0,0.0
526,T,0.04151585325598717,0.001526318141259253,0.005712790414690971,0.027081243693828583,0.031006062403321266,0.004578954074531794,0.04051284119486809,0.06537002325057983,0.0143037810921669,0.08277004957199097,0.02433387190103531,0.017487244680523872,0.20339278876781464,0.12685883045196533,0.033709824085235596,0.04831887036561966,0.11900920420885086,0.05673542246222496,0.0,0.055776022374629974
527,L,0.02395833283662796,0.0005208333604969084,0.0,0.0,0.0368923619389534,0.00503472238779068,0.00034722223062999547,0.0883246511220932,0.00434027798473835,0.554774284362793,0.06649305671453476,0.0,0.0019965278916060925,0.0027343749534338713,0.004904513712972403,0.01575520820915699,0.01579861156642437,0.17374132573604584,0.0,0.004383680410683155
528,F,0.008684702217578888,0.004950280301272869,0.010465065948665142,0.016500933095812798,0.0845455750823021,0.014199487864971161,0.03912458196282387,0.023361848667263985,0.01632723957300186,0.006339832209050655,0.0008250466780737042,0.16279473900794983,0.16231708228588104,0.03282817453145981,0.09978722780942917,0.1733466535806656,0.07086716592311859,0.024230318143963814,0.0,0.0485040582716465
529,G,0.06568486988544464,0.0,0.12898041307926178,0.16295234858989716,0.004518006928265095,0.0475693978369236,0.010513054206967354,0.005777835845947266,0.052869368344545364,0.04639645665884018,0.016594987362623215,0.042182546108961105,0.10404448211193085,0.08957817405462265,0.08771014958620071,0.0552152581512928,0.055606238543987274,0.02380642108619213,0.0,0.0
530,D,0.019045552238821983,0.007201735395938158,0.34121474623680115,0.17262472212314606,0.0015184382209554315,0.019609544426202774,0.020347071811556816,0.0019956615287810564,0.030455531552433968,0.005032537970691919,0.0012581344926729798,0.16121475398540497,0.001127982628531754,0.009804772213101387,0.027375271543860435,0.09570498764514923,0.04459869861602783,0.013752711936831474,0.0,0.02611713670194149
531,L,0.09618969261646271,0.003077723318710923,0.0,0.0002600892912596464,0.05860678851604462,0.012267544865608215,0.05201786011457443,0.23212969303131104,0.0,0.21565736830234528,0.010230178944766521,0.000650223228149116,0.006458884105086327,0.03688933327794075,0.0,0.014608348719775677,0.0045515624806284904,0.24647796154022217,0.006285491399466991,0.00364125007763505
532,I,0.06660299003124237,0.001042028539814055,0.04815039783716202,0.08370961993932724,0.006035081576555967,0.0007381035247817636,0.0,0.15864883363246918,0.06417158991098404,0.07819555699825287,0.014110802672803402,0.0036036819219589233,0.014718652702867985,0.06764501333236694,0.005470649339258671,0.06417158991098404,0.05852726474404335,0.25651267170906067,0.004515456967055798,0.0034300105180591345
533,S,0.12215626239776611,0.018546605482697487,0.09541968256235123,0.19642934203147888,0.011916627176105976,0.033929888159036636,0.008666637353599072,0.004549984820187092,0.03930320218205452,0.014993282966315746,0.023789919912815094,0.09307968616485596,0.002296658931300044,0.10087966173887253,0.0481431744992733,0.10035966336727142,0.06075312942266464,0.024786584079265594,0.0,0.0
534,S,0.06248654052615166,0.051935747265815735,0.0,0.0,0.03626028075814247,0.0,0.004780156072229147,0.054476551711559296,0.011325955390930176,0.5279272794723511,0.04952413588762283,0.0,0.0018087076023221016,0.0037035441491752863,0.0005598380812443793,0.003445157315582037,0.04358123987913132,0.14775419235229492,0.0,0.0004306446644477546
535,M,0.010386588051915169,0.003921906463801861,0.0,0.00581821333616972,0.13437917828559875,0.0007326639024540782,0.0017670128727331758,0.08516140282154083,0.0,0.5085118412971497,0.10128000378608704,0.0,0.0022410894744098186,0.001249838387593627,0.0,0.006076800636947155,0.002456578891724348,0.09852173924446106,0.0,0.03749515116214752
536,Q,0.04841143265366554,0.02379618026316166,0.001207052613608539,0.011768762953579426,0.02349441684782505,0.01948527805507183,0.06565504521131516,0.003448721719905734,0.1609690934419632,0.0435832217335701,0.004440229386091232,0.043109022080898285,0.009139113128185272,0.20528516173362732,0.1614001840353012,0.08501099050045013,0.014657068066298962,0.009699529968202114,0.008147605694830418,0.05729189142584801
537,S,0.09719707071781158,0.004743423778563738,0.04907287657260895,0.05601552501320839,0.0,0.030099181458353996,0.0168607160449028,0.0009055627160705626,0.15541180968284607,0.008840017020702362,0.00401034951210022,0.11164294928312302,0.0,0.18326865136623383,0.03747304901480675,0.17529107630252838,0.061966363340616226,0.0051315221935510635,0.0,0.002069857669994235
538,S,0.04270539805293083,0.03316713497042656,0.0019076522439718246,0.0010405376087874174,0.0013006720691919327,0.009668328799307346,0.008541079238057137,0.0,0.009928463026881218,0.0016041621565818787,0.0022978538181632757,0.00021677867334801704,0.0010405376087874174,0.000693691719789058,0.015608063898980618,0.8251029849052429,0.03702579811215401,0.006286581512540579,0.0,0.001864296500571072
539,S,0.020910315215587616,0.0012172325514256954,0.07672911882400513,0.10642090439796448,4.347259164205752e-05,0.014867626130580902,0.003434334648773074,0.015345824882388115,0.19762639701366425,0.006520888768136501,0.003173499135300517,0.07877233624458313,0.00491240294650197,0.08872755616903305,0.08007650822401047,0.14302481710910797,0.14767639338970184,0.00921618938446045,0.0012607051758095622,4.347259164205752e-05
540,D,0.004530603531748056,0.051579177379608154,0.09871488064527512,0.0066216508857905865,0.039991285651922226,0.0013504682574421167,0.023045089095830917,0.049531690776348114,0.03624482825398445,0.09653670340776443,0.009409714490175247,0.3916793763637543,4.3563493818510324e-05,0.006316706538200378,0.018601611256599426,0.10141581296920776,0.004487039986997843,0.030799390748143196,0.0035286429338157177,0.02557177096605301
541,P,0.09467898309230804,0.00677220756188035,0.04868073761463165,0.08368513733148575,0.021547934040427208,0.0308707132935524,0.021020228043198586,0.0016270888736471534,0.2876429259777069,0.024362357333302498,0.0014072119956836104,0.025813544169068336,0.12537379562854767,0.03821460157632828,0.027000879868865013,0.10624450445175171,0.029199648648500443,0.013588390313088894,0.0025505716912448406,0.009718557819724083
542,L,0.009592646732926369,0.0014277428854256868,0.00682639516890049,0.019988398998975754,0.30932942032814026,0.0035693570971488953,0.0022308481857180595,0.1358586549758911,0.006157140713185072,0.2606969177722931,0.02998259849846363,0.0037924419157207012,0.0008477222872897983,0.0,0.0025877838488668203,0.01668674498796463,0.03373042494058609,0.07923972606658936,0.007495649624615908,0.06995940208435059
543,V,0.03800071403384209,0.0016541488002985716,0.0,0.0003129470569547266,0.0042471387423574924,0.004381258971989155,0.0012964949710294604,0.32832616567611694,0.0005364806856960058,0.22930078208446503,0.04908798262476921,0.0024588697124272585,0.0036212445702403784,0.0016094420570880175,0.0,0.023381616920232773,0.013456723652780056,0.29797032475471497,0.0,0.0003576538001652807
544,Q,0.12724022567272186,0.03173184394836426,0.0037541899364441633,0.016446927562355995,0.0007150837918743491,0.017698323354125023,0.01984357461333275,0.01412290520966053,0.14011172950267792,0.02618994377553463,0.007865921594202518,0.03137430176138878,0.009877094998955727,0.10663687437772751,0.176581010222435,0.20773184299468994,0.018011173233389854,0.0345027931034565,0.0,0.00956424605101347
545,G,0.0681443139910698,0.03161931782960892,0.07862462848424911,0.17954778671264648,0.008339650928974152,0.10172590613365173,0.03161931782960892,0.004593497607856989,0.032778844237327576,0.043615929782390594,0.009409980848431587,0.06618204712867737,0.00026758239255286753,0.13784952461719513,0.014672434888780117,0.12955448031425476,0.03246666491031647,0.02234312891960144,0.0012487178901210427,0.005396245047450066
546,L,0.01280107069760561,0.0702497735619545,0.0016057091997936368,0.0,0.03867083042860031,0.0005798394558951259,0.0,0.10994647443294525,0.0030330063309520483,0.6504460573196411,0.07154326140880585,0.010793933644890785,0.0,0.0015611061826348305,0.0034790365025401115,0.0022747546900063753,0.001025869743898511,0.0214986614882946,0.0004906333633698523,0.0
547,F,0.009847607463598251,0.03636039420962334,0.0,0.009357455186545849,0.5579270720481873,0.0049015237018466,0.00013367792416829616,0.04843596741557121,0.002227965509518981,0.05191159248352051,0.032038141041994095,0.013991623185575008,0.001782372361049056,0.0014258978189900517,0.004277693573385477,0.0024507618509233,0.009134658612310886,0.03261741250753403,0.13171730935573578,0.04946083202958107
548,P,0.04274420440196991,0.0128634599968791,0.02787083014845848,0.11224261671304703,0.00035731832031160593,0.025548260658979416,0.01983116753399372,0.011791504919528961,0.09183081239461899,0.012416811659932137,0.03649113327264786,0.03166733682155609,0.20492206513881683,0.12550805509090424,0.019697172567248344,0.13734422624111176,0.07744874805212021,0.007637679111212492,0.0,0.0017865916015580297
549,P,0.08127349615097046,0.008884838782250881,0.11914796382188797,0.19876979291439056,0.029730036854743958,0.04932224750518799,0.029160495847463608,0.007802710868418217,0.066351518034935,0.007404032163321972,0.0006834491505287588,0.0686296820640564,0.030014807358384132,0.02517371065914631,0.004043740686029196,0.1683562994003296,0.08400729298591614,0.006549721118062735,0.00045563274761661887,0.014238523319363594
550,T,0.06309855729341507,0.0019153943285346031,0.07661577314138412,0.07021288573741913,0.0333278626203537,0.13041098415851593,0.012751053087413311,0.049526624381542206,0.0710337683558464,0.04356154054403305,0.0027362776454538107,0.04815848544239998,0.04569583386182785,0.018989766016602516,0.06375526636838913,0.07858589291572571,0.024133967235684395,0.07946150004863739,0.0,0.0860285684466362
551,R,0.1012420654296875,0.0012144631473347545,0.036875516176223755,0.11603643745183945,0.0071211704052984715,0.023516422137618065,0.0086116474121809,0.0358266644179821,0.03748274967074394,0.2072867751121521,0.01529119536280632,0.12773944437503815,0.046315208077430725,0.06375931203365326,0.010598951019346714,0.07143251597881317,0.04808169975876808,0.03394976630806923,0.0027049407362937927,0.0049130553379654884
552,P,0.045926254242658615,0.0023735924623906612,0.05243983119726181,0.1477147340774536,0.016449546441435814,0.06695738434791565,0.004471185617148876,0.017001545056700706,0.063093401491642,0.02042393386363983,0.0029807905666530132,0.06767498701810837,0.10719805955886841,0.058015014976263046,0.024950319901108742,0.13408036530017853,0.0988076850771904,0.01744314469397068,0.0002759991039056331,0.05172223597764969
553,E,0.10568790882825851,0.0,0.09186888486146927,0.06638660281896591,0.0017688353545963764,0.038472168147563934,0.0023215964902192354,0.007628102321177721,0.16953180730342865,0.016306450590491295,0.0074622742831707,0.04035155475139618,0.015864241868257523,0.05604996904730797,0.1410646140575409,0.126858651638031,0.10065778344869614,0.010502459481358528,0.0002763805096037686,0.0009396937675774097
554,D,0.0551859512925148,0.0010360998567193747,0.11691569536924362,0.08365143090486526,0.001745010376907885,0.03577271103858948,0.001090631471015513,0.02884720265865326,0.09504853188991547,0.041443996131420135,0.0034354892559349537,0.1438542902469635,0.004035336431115866,0.028792671859264374,0.06352928280830383,0.10393717885017395,0.1633765995502472,0.024975460022687912,0.00021812629711348563,0.0031082998029887676
555,S,0.053052835166454315,0.0,0.039844296872615814,0.058957312256097794,0.012333800084888935,0.08314380794763565,0.000787263794336468,0.0008310006815008819,0.19554758071899414,0.03883834928274155,0.003805108368396759,0.090272918343544,0.014695591293275356,0.06766095012426376,0.015045486390590668,0.1868876814842224,0.11686494201421738,0.009534639306366444,0.0,0.01189643144607544
556,K,0.10921546071767807,0.006545073818415403,0.07387206703424454,0.010297582484781742,0.009599441662430763,0.06693428754806519,0.007854088209569454,0.007984990254044533,0.27759838104248047,0.0456409826874733,0.012784711085259914,0.06510166823863983,0.011824766173958778,0.01723536103963852,0.1116589605808258,0.07195217907428741,0.07579195499420166,0.017671698704361916,0.00043633824680000544,0.0
557,K,0.06458378583192825,0.008258684538304806,0.005899060517549515,0.04959580674767494,0.006991479080170393,0.13965480029582977,0.01144854724407196,0.03779768571257591,0.2053309977054596,0.02901463769376278,0.04422110691666603,0.050469741225242615,0.03154905140399933,0.03985143080353737,0.09447236359119415,0.07607603073120117,0.03154905140399933,0.064845971763134,0.0006117544253356755,0.007778020575642586
558,R,0.05393033102154732,0.0006103675113990903,0.00828355923295021,0.007411605678498745,0.006757640279829502,0.03500893712043762,0.04359767958521843,0.012730523012578487,0.28325411677360535,0.009635087102651596,0.06373980641365051,0.03775558993220329,0.06901513040065765,0.02585342526435852,0.20137768983840942,0.10807865113019943,0.010245454497635365,0.02136286348104477,0.0003487814392428845,0.0010027466341853142
559,P,0.041514359414577484,0.0013489990960806608,0.008833768777549267,0.023672759532928467,0.20439513027668,0.05300261080265045,0.0016100957291200757,0.01422976516187191,0.12915578484535217,0.04503916576504707,0.011227154172956944,0.05382941663265228,0.1985204517841339,0.014099217019975185,0.08054830133914948,0.021627502515912056,0.02911227196455002,0.06261967122554779,0.0,0.005613577086478472
560,E,0.017489667981863022,0.005481835920363665,0.0006961061735637486,0.030150098726153374,0.004089623689651489,0.0045681968331336975,0.020056558772921562,0.02780073881149292,0.12055688351392746,0.08127039670944214,0.008657820522785187,0.04080922156572342,0.1345660239458084,0.1366543471813202,0.11229062080383301,0.16184468567371368,0.0471176840364933,0.044202741235494614,0.0006090928800404072,0.0010876659071072936
561,T,0.009658893570303917,0.007831535302102566,0.002958579920232296,0.0038287504576146603,0.02162373811006546,0.013444134965538979,0.0029150713235139847,0.0024364774581044912,0.0020449007861316204,0.049382179975509644,0.028585102409124374,0.004089801572263241,0.030804038047790527,0.005830142647027969,0.006961364299058914,0.22872433066368103,0.5651322603225708,0.011616776697337627,0.0008701705373823643,0.001261747325770557
562,A,0.1645641177892685,0.004437097813934088,0.0002610057417768985,0.0,0.0034800765570253134,0.002088045934215188,0.0006960153114050627,0.13406994938850403,0.0,0.1843135505914688,0.0010005220538005233,0.001044022967107594,0.017313381657004356,0.010527231730520725,0.008221681229770184,0.041151903569698334,0.01048373058438301,0.4163476526737213,0.0,0.0
563,G,0.15586507320404053,0.06293797492980957,0.0,0.00113166484516114,0.02241566963493824,0.24596300721168518,0.0,0.025723611935973167,0.000609358015935868,0.008269858546555042,0.05231773480772972,0.0,0.012578889727592468,8.70511430548504e-05,0.0020021763630211353,0.29210010170936584,0.027551686391234398,0.09009793400764465,0.0003482045722194016,0.0
564,S,0.11419739574193954,0.001959162298589945,0.016761722043156624,0.011580826714634895,0.04462536424398422,0.06029866263270378,0.011101920157670975,0.042187295854091644,0.03461186960339546,0.02446776069700718,0.0067046890035271645,0.05690278112888336,0.0016544037498533726,0.09552004933357239,0.007227132096886635,0.35717707872390747,0.10026557743549347,0.00827201921492815,0.0,0.0044843051582574844
565,Q,0.01614587940275669,0.0013055966701358557,0.01636347733438015,0.02798328921198845,0.012011488899588585,0.016711637377738953,0.0232396200299263,0.014405082911252975,0.1347810924053192,0.17212115228176117,0.02511097490787506,0.04913395270705223,0.007746540009975433,0.3322308361530304,0.050613630563020706,0.031595438718795776,0.005831664893776178,0.01927931047976017,0.0004351988900452852,0.04295412823557854
566,F,0.0009569794056005776,0.00017399626085534692,8.699813042767346e-05,0.0005219887825660408,0.5701857209205627,0.024054983630776405,0.05202488228678703,0.1251468062400818,0.00034799252171069384,0.0733829215168953,0.011962242424488068,0.0008264822536148131,0.0014354691375046968,8.699813042767346e-05,0.0,0.005393884144723415,0.0059593720361590385,0.031101832166314125,0.0,0.09635043144226074
567,R,0.03794189915060997,0.0009496266138739884,0.005525100510567427,0.003107869066298008,0.00017265939095523208,0.0,0.011568178422749043,0.00979842059314251,0.4398929476737976,0.04912159591913223,0.011179694905877113,0.006086243316531181,0.0016402641776949167,0.09086199849843979,0.28626924753189087,0.006776880938559771,0.011654508300125599,0.01787024736404419,0.003971165977418423,0.005611429922282696
568,N,0.08045927435159683,0.0008632969111204147,0.030733371153473854,0.17347951233386993,0.019683169201016426,0.02175508253276348,0.021970907226204872,0.0,0.10795528441667557,0.09483316540718079,0.003453187644481659,0.1265161633491516,0.0,0.08313549309968948,0.039280008524656296,0.04325117543339729,0.10104890912771225,0.005266111344099045,0.0,0.04631587862968445
569,A,0.012974697165191174,0.0,0.0025001077447086573,0.01293159183114767,0.0002586318296380341,0.0035777403973042965,0.0008190008229576051,0.0021983706392347813,0.031423769891262054,0.0004310530493967235,0.0,0.08827966451644897,0.0018966335337609053,0.3345834016799927,0.01293159183114767,0.46726152300834656,0.026078710332512856,0.0016380016459152102,0.0,0.00021552652469836175
570,M,0.06700586527585983,0.008321834728121758,0.0,0.0,0.0018540875753387809,0.0004743014869745821,0.0,0.015091410838067532,0.0037081751506775618,0.7481890320777893,0.050448428839445114,0.0,0.0,0.0018109693191945553,0.00043118317262269557,0.011598827317357063,0.013237323611974716,0.07662124931812286,0.00021559158631134778,0.0009917212883010507
571,N,0.04407452046871185,0.000862515065819025,0.14054682850837708,0.06615490466356277,0.00327755743637681,0.06188545748591423,0.05321718007326126,0.026134207844734192,0.02001035027205944,0.02906675823032856,0.04717957600951195,0.19458340108394623,0.00038813179708085954,0.0920303612947464,0.004485078621655703,0.07555632293224335,0.1211402416229248,0.018199067562818527,0.0,0.0012075211852788925
572,A,0.09338974952697754,0.00656275637447834,0.10133413970470428,0.1062130331993103,0.0008203445468097925,0.031173093244433403,0.0023315055295825005,0.01532748993486166,0.23220068216323853,0.062346186488866806,0.022494710981845856,0.05591295659542084,0.0,0.06424593180418015,0.012952808290719986,0.09192176163196564,0.06903847306966782,0.02361728809773922,0.0,0.008117093704640865
573,L,0.00012952249380759895,0.0,0.0,0.0,0.001424747402779758,0.0,0.0,0.026120370253920555,0.0016406181966885924,0.9227182269096375,0.034668855369091034,0.0,0.00021587082301266491,0.0,0.0015542699256911874,0.0,0.0,0.010664018802344799,0.0,0.0008634832920506597
574,I,0.004578042775392532,0.0006046471535228193,0.0009501597960479558,0.034032996743917465,0.013734128326177597,0.000561458058655262,0.0,0.08788978308439255,0.0006910252850502729,0.20385245978832245,0.4384555518627167,0.004793988075107336,0.0,0.001813941402360797,0.006046471651643515,0.016282284632325172,0.07415565103292465,0.11155740171670914,0.0,0.0
575,T,0.11492814123630524,8.631478704046458e-05,0.13137111067771912,0.19826507568359375,0.00043157394975423813,0.019161883741617203,0.004919942934066057,0.006085192784667015,0.12071123719215393,0.00025894437567330897,0.0009494627011008561,0.08010012656450272,0.0,0.031979627907276154,0.029692288488149643,0.1321047842502594,0.12692590057849884,0.001769453170709312,0.0,0.00025894437567330897
576,T,0.02452504262328148,0.0049222796224057674,0.007340241689234972,0.0372193418443203,0.0016407598741352558,0.0015112262917682528,0.008549222722649574,0.09360966831445694,0.12318652868270874,0.06338514387607574,0.049913644790649414,0.09274611622095108,0.0017702935729175806,0.02422279864549637,0.06606217473745346,0.04041450843214989,0.3282383382320404,0.023747840896248817,0.0,0.006994818802922964
577,L,0.0013807982904836535,4.314994657761417e-05,0.0008198489667847753,0.017734628170728683,0.007464940659701824,0.0005609493236988783,0.003624595468863845,0.11046386510133743,4.314994657761417e-05,0.7368285059928894,0.05980582535266876,0.001682847854681313,4.314994657761417e-05,0.01799352839589119,0.00047464939416386187,0.0012081984896212816,4.314994657761417e-05,0.03969794884324074,4.314994657761417e-05,4.314994657761417e-05
578,L,0.02054380625486374,0.0014674147823825479,0.027406128123402596,0.09659042209386826,0.005912818480283022,0.06288304179906845,0.06646525859832764,0.0018126887734979391,0.08485110104084015,0.02533448487520218,0.04203711822628975,0.1293051391839981,0.0,0.027276650071144104,0.19805783033370972,0.09900733828544617,0.02606819197535515,0.05649546906352043,0.0,0.02848511002957821
579,A,0.0955590084195137,0.007041645236313343,0.007300846744328737,0.029116986319422722,0.0004752030363306403,0.02021772973239422,0.030628995969891548,0.00043200276559218764,0.10614307969808578,0.005918438080698252,0.00565923610702157,0.09836702793836594,0.013564886525273323,0.1092102974653244,0.1398392915725708,0.25064799189567566,0.047822706401348114,0.032054606825113297,0.0,0.0
580,C,0.087349534034729,0.0982847586274147,8.81873129401356e-05,0.0017196525586768985,8.81873129401356e-05,0.08020635694265366,0.0011905287392437458,0.00022046826779842377,0.07892764359712601,0.0022046826779842377,0.0005291238776408136,0.005467613227665424,8.81873129401356e-05,0.002821994014084339,0.04263856261968613,0.11905286461114883,0.46602582931518555,0.012919440865516663,8.81873129401356e-05,8.81873129401356e-05
581,S,0.0238032266497612,0.002159922383725643,0.031649474054574966,0.17671692371368408,0.028299391269683838,0.03821740299463272,0.06686943769454956,0.0007493608281947672,0.0598607063293457,0.0,0.0,0.17609979212284088,0.0,0.14537599682807922,0.06180023029446602,0.07762496918439865,0.10848100483417511,0.0021158424206078053,0.0,0.0001763202017173171
582,P,0.015968944877386093,0.03956945613026619,0.0,0.0,0.005425911862403154,0.0,0.002999691292643547,0.01601305790245533,0.0,0.050112489610910416,0.023997530341148376,0.021615421399474144,0.6429926156997681,0.0003970179532188922,0.0,0.07071331143379211,0.024703338742256165,0.08549120277166367,0.0,0.0
583,H,0.0018969472730532289,0.00913181621581316,0.0,0.0,0.10592024028301239,0.0,0.56939297914505,0.0,0.02183695137500763,0.004190930165350437,0.008734780363738537,0.0864655002951622,0.004455620422959328,0.011425798758864403,0.0006176107563078403,0.0407181940972805,0.0018969472730532289,0.003573319176211953,0.03683606907725334,0.09290629625320435
584,Y,0.0,0.0,0.0,0.0,0.6359841823577881,0.0,0.0,0.0,0.0,0.019595781341195107,0.0,0.0,0.0,0.0,0.0,0.004833040293306112,0.0,0.0,0.01388400699943304,0.3257029950618744
585,V,0.0007030494743958116,0.0,0.0,0.0,0.0,0.0,0.0,0.4636611342430115,0.0,0.022805167362093925,0.0014939801767468452,0.0,0.0,0.0,0.0009666930418461561,0.04719219729304314,0.007557781878858805,0.4556199908256531,0.0,0.0
586,R,0.0,0.0006173384026624262,0.0,0.002998500829562545,0.05917629599571228,0.0,0.056442368775606155,0.0024252580478787422,0.053532056510448456,0.007937207818031311,0.009965605102479458,0.0,0.0,0.025266777724027634,0.7270923256874084,0.0,0.0,0.048505160957574844,0.0,0.006041096989065409
587,C,0.005737234838306904,0.9796990156173706,0.0,0.0,0.0,0.0,0.0,0.0004854583239648491,0.0,0.00013239771942608058,0.0,0.0,0.0,0.0,0.0,0.003971931524574757,0.009973961859941483,0.0,0.0,0.0
588,I,0.03097696602344513,0.0,0.0,0.0,0.02007766254246235,0.0,0.0,0.745168149471283,0.0,0.09271026402711868,0.03022681176662445,0.0,0.0,0.0,0.016415143385529518,0.0,0.0,0.05432000756263733,0.0,0.010105021297931671
589,K,0.0016328331548720598,0.0,0.0,0.0,8.826125122141093e-05,0.0,0.008870256133377552,0.14064431190490723,0.6231244206428528,0.06028243526816368,0.0,0.026037069037556648,0.0,0.004368931986391544,0.0811120942234993,0.031597528606653214,0.001500441343523562,0.02074139378964901,0.0,0.0
590,S,0.014690359123051167,0.0,0.0,0.0,0.0,0.0,0.0,0.0037385644391179085,0.0,0.020276213064789772,0.0,0.000791696016676724,0.8212526440620422,0.0,0.0,0.12579169869422913,0.013458832167088985,0.0,0.0,0.0
591,N,0.0036538122221827507,0.00994893442839384,0.0074837119318544865,0.0,0.0,0.00497446721419692,0.010213065892457962,0.00022010917018633336,0.023947877809405327,0.0,0.0,0.8533192276954651,0.0,0.03187180683016777,0.010521218180656433,0.00162880786228925,0.003433703212067485,0.007879908196628094,0.0,0.030903328210115433
592,D,0.09195148944854736,0.0,0.16692392528057098,0.2612127959728241,0.0,0.009834619238972664,0.10108048468828201,0.002998897572979331,0.002998897572979331,0.03237045183777809,0.010496141389012337,0.09027563035488129,0.04352811351418495,0.06240352988243103,0.015964718535542488,0.06981256604194641,0.025975743308663368,0.008908489719033241,0.0,0.003263506107032299
593,N,0.05097497999668121,4.451963468454778e-05,0.0655774176120758,0.2306562215089798,0.029115840792655945,0.03846496343612671,0.01865372620522976,0.002849256619811058,0.11828866600990295,0.06802599877119064,0.012732614763081074,0.053690679371356964,0.0016917460598051548,0.07448134571313858,0.03290000930428505,0.08200516551733017,0.07185468822717667,0.037886206060647964,4.451963468454778e-05,0.010061437264084816
594,K,0.027208464220166206,0.009914195165038109,0.000311207928461954,0.015560396946966648,0.0,0.030453918501734734,0.001778331003151834,0.0,0.6476237177848816,0.0525941401720047,0.04401369392871857,0.038900990039110184,0.0,0.03810074180364609,0.06393100321292877,0.009736362844705582,0.0021784554701298475,0.012803983874619007,0.0,0.004890410229563713
595,Q,0.046343930065631866,0.00400123093277216,0.017104163765907288,0.04911401495337486,0.002374356845393777,0.03218572586774826,0.007474827580153942,0.059490833431482315,0.18313327431678772,0.10649430751800537,0.009981092996895313,0.009937123395502567,0.00048366529517807066,0.19394978880882263,0.1040320098400116,0.04748713970184326,0.09268786013126373,0.03262542188167572,0.0002638174337334931,0.0008354219025932252
596,A,0.2677442133426666,0.007466619834303856,0.012517568655312061,0.0800245925784111,0.0,0.003733309917151928,0.002503513591364026,0.0013615600764751434,0.021697118878364563,0.022663386538624763,0.0011858749203383923,0.013264230452477932,0.47145116329193115,0.0022399858571588993,0.0015811665216460824,0.0784873515367508,0.000834504549857229,0.006456430070102215,0.004523893352597952,0.0002635277633089572
597,G,0.03127608075737953,0.016253020614385605,0.06685701757669449,0.04151109233498573,0.047485172748565674,0.2242477536201477,0.06580276787281036,0.011289259418845177,0.054996706545352936,0.11820777505636215,0.06562706083059311,0.101779043674469,0.009927520528435707,0.024115966632962227,0.04274104908108711,0.04682626947760582,0.005007687024772167,0.003118822816759348,0.02077750861644745,0.002152426866814494
598,V,0.021419720724225044,0.02965126559138298,0.0373074896633625,0.08519206941127777,0.01314391940832138,0.006859621033072472,0.03239511325955391,0.06709151715040207,0.13374048471450806,0.1220569983124733,0.0468224473297596,0.023765267804265022,0.003983005881309509,0.11758718639612198,0.07249070703983307,0.03903345763683319,0.05053991824388504,0.07665073126554489,0.0,0.02026907354593277
599,I,0.0,0.0,0.0,0.0,0.6422577500343323,0.0,0.0031357654370367527,0.061920326203107834,0.0,0.11792244762182236,0.07658334076404572,0.0,0.0016782969469204545,0.0,0.0,0.0,0.007905662059783936,0.03515590354800224,0.03608338534832001,0.017357124015688896
600,D,0.015368309803307056,0.024598127231001854,0.5205793976783752,0.17828121781349182,0.0,0.00022080904454924166,0.010775481350719929,0.002075605094432831,0.013071895577013493,0.016384031623601913,0.0020314431749284267,0.11565978080034256,0.0,0.015059176832437515,0.006138491444289684,0.054054055362939835,0.009406465105712414,0.012895247898995876,0.0,0.003400459187105298
601,E,0.06611606478691101,0.00410741101950407,0.10838264971971512,0.11915908753871918,0.0007508170674555004,0.044784028083086014,0.016120484098792076,0.016827136278152466,0.05436798930168152,0.024600300937891006,0.022480346262454987,0.08956805616617203,0.10175779461860657,0.04509318992495537,0.1096634566783905,0.09257132560014725,0.004195742309093475,0.07371257245540619,0.000309159979224205,0.005432382225990295
602,D,0.11352688819169998,0.003093375824391842,0.04078836739063263,0.13584338128566742,0.06080693006515503,0.051084890961647034,0.08780767768621445,0.022183923050761223,0.06310486793518066,0.030049936845898628,0.0013257324462756515,0.08122321218252182,0.07932299375534058,0.017499668523669243,0.030005745589733124,0.08312342315912247,0.03389456123113632,0.059392813593149185,0.0,0.005921605043113232
603,R,0.02440650761127472,0.0165377426892519,0.006490619853138924,0.022317063063383102,0.005201387219130993,0.0036009603645652533,0.024539876729249954,0.033386681228876114,0.08651196211576462,0.4578554332256317,0.020583266392350197,0.03769894316792488,4.445630111149512e-05,0.031964078545570374,0.1183871254324913,0.03191962465643883,0.026318129152059555,0.032052990049123764,0.0014670578530058265,0.018716102465987206
604,V,0.02311830408871174,0.055395010858774185,0.0004890410345979035,0.0,0.0,0.008046948350965977,0.0,0.1039879098534584,0.0,0.06642066687345505,0.00546836806461215,0.0,0.0,0.0,0.0,0.005290534812957048,0.011470234952867031,0.7203130125999451,0.0,0.0
605,R,0.01920939050614834,0.008137311786413193,0.0,0.016408022493124008,0.009871493093669415,0.0012895193649455905,0.001022722222842276,0.04059762507677078,0.04037529602646828,0.41478055715560913,0.06843345612287521,0.04575570300221443,0.0,0.04646716266870499,0.14384810626506805,0.02125483565032482,0.0387745127081871,0.05327048897743225,0.0004001956549473107,0.03010360710322857
606,H,0.06205008178949356,0.007905312813818455,0.06492072343826294,0.08594267815351486,0.0,0.010201828554272652,0.2718721032142639,0.011791723780333996,0.021242767572402954,0.006050434894859791,0.008170295506715775,0.07322351634502411,0.006536236498504877,0.1060371845960617,0.09998675435781479,0.10497725754976273,0.019343726336956024,0.03974738344550133,0.0,0.0
607,Q,0.0,0.0,0.030855786055326462,0.002725154859945178,0.002944925567135215,0.0,0.0,0.0,0.0,0.0,0.0,0.0,0.0,0.9546833038330078,0.0,0.000923036364838481,0.0,0.0,0.007867786101996899,0.0
608,V,0.001399947446770966,0.0,0.0,0.0,0.0,0.0,0.0,0.05761658772826195,0.0,0.7228541374206543,0.013518243096768856,0.0,0.0,0.0,0.0,0.0,0.003981100860983133,0.20062997937202454,0.0,0.0
609,R,0.02246551401913166,0.0002627545327413827,0.00021896211546845734,0.09673746675252914,0.008583314716815948,0.003809940768405795,0.020407268777489662,0.0029340924229472876,0.12445806711912155,0.004773374181240797,0.0,0.005474052857607603,0.0,0.0778629332780838,0.576001763343811,0.0035033938474953175,0.030829867348074913,0.02158966474235058,8.758484909776598e-05,0.0
610,Y,0.10655450075864792,0.25262880325317383,0.0,0.0033736417535692453,0.0037679634988307953,0.0547230988740921,0.0025411846581846476,0.013757448643445969,0.0,0.007842621766030788,0.050867509096860886,0.03294777497649193,0.0,0.023966001346707344,0.0,0.056125130504369736,0.01274973712861538,0.0,0.0,0.37815457582473755
611,L,0.03387527912855148,0.10315965116024017,0.0,0.0,0.06555940210819244,0.07397343963384628,0.0,0.006573469378054142,0.0,0.21026337146759033,0.021298041567206383,0.17573074996471405,0.0,0.0,0.0,0.1454051434993744,0.12888382375240326,0.004513782449066639,0.0,0.030763836577534676
612,G,0.008483937941491604,0.020679598674178123,0.03101939894258976,0.00030931024230085313,0.0,0.7768105864524841,0.016614379361271858,0.0,0.01550969947129488,0.0025186690036207438,0.0,0.005125712603330612,0.0,0.04635234922170639,0.016658565029501915,0.054526977241039276,0.004462904762476683,0.0,0.0,0.0009279306977987289
613,L,0.0031137620098888874,0.0,0.0,0.0,0.0,0.0,0.0,0.2010788470506668,0.0,0.247785285115242,0.16709060966968536,0.004429435823112726,0.0,0.0,0.0005262696067802608,0.009078150615096092,0.004517147783190012,0.3623805046081543,0.0,0.0
614,L,0.014791730791330338,0.0,0.0,0.0,0.0033797130454331636,0.0,0.0,0.020936664193868637,0.0192248597741127,0.6250274181365967,0.14502041041851044,0.012421542778611183,0.003686959622427821,0.0024579730816185474,0.006232717540115118,0.038976430892944336,0.012948251329362392,0.09489531815052032,0.0,0.0
615,E,0.00447859475389123,0.0,0.08548847585916519,0.7267178893089294,0.0,0.004083424806594849,0.0,0.0,0.00298573006875813,0.012250274419784546,0.0,0.004127332475036383,0.038770582526922226,0.05203073471784592,0.002810098696500063,0.06502744555473328,0.00026344676734879613,0.0009659714414738119,0.0,0.0
616,N,0.17920926213264465,4.3880820157937706e-05,0.00021940410078968853,4.3880820157937706e-05,0.00605555297806859,0.1659572571516037,0.024748781695961952,0.03804467245936394,4.3880820157937706e-05,0.04642590880393982,0.02808372490108013,0.09969722479581833,4.3880820157937706e-05,0.03273509070277214,4.3880820157937706e-05,0.035499583929777145,0.3086576759815216,0.0343586802482605,4.3880820157937706e-05,4.3880820157937706e-05
617,V,0.052218176424503326,4.3880820157937706e-05,0.009960945695638657,4.3880820157937706e-05,4.3880820157937706e-05,4.3880820157937706e-05,4.3880820157937706e-05,0.44363507628440857,4.3880820157937706e-05,0.15819035470485687,0.011233489960432053,4.3880820157937706e-05,4.3880820157937706e-05,0.013734696432948112,4.3880820157937706e-05,0.01952696405351162,0.0036421080585569143,0.28737547993659973,4.3880820157937706e-05,4.3880820157937706e-05
618,R,0.0007460721535608172,0.00912841223180294,0.016764679923653603,0.009523391723632812,4.388659726828337e-05,0.0037303606513887644,0.053717195987701416,0.0033792678732424974,0.09023084491491318,0.03936627879738808,0.002984288614243269,0.08873870223760605,4.388659726828337e-05,0.07302729785442352,0.5876415371894836,0.005617484450340271,0.012902659364044666,0.0010971649317070842,4.388659726828337e-05,0.0012727113207802176
619,V,0.007992973551154137,4.3917436414631084e-05,4.3917436414631084e-05,4.3917436414631084e-05,0.05340360105037689,0.0015371101908385754,0.003776899538934231,0.5428634285926819,0.0025472112465649843,0.16460254788398743,0.01585419476032257,4.3917436414631084e-05,4.3917436414631084e-05,0.0060606058686971664,0.0037329820916056633,0.007905138656497002,0.01515151560306549,0.17426438629627228,4.3917436414631084e-05,4.3917436414631084e-05
620,R,0.006586747244000435,0.17670047283172607,0.0,0.0,0.006147630978375673,0.0,0.027839986607432365,0.009572739712893963,0.041891712695360184,0.020945856347680092,0.06744829565286636,0.0,0.007860185578465462,0.032538533210754395,0.3710095286369324,0.17002591490745544,0.006806305609643459,0.0007464980590157211,0.018882010132074356,0.03499758616089821
621,R,0.07655797153711319,0.06214291974902153,0.0099323196336627,0.0033400719985365868,0.005713281221687794,0.004746417980641127,0.005801177583634853,0.0175353791564703,0.08460050821304321,0.003515865420922637,8.789663115749136e-05,0.018985671922564507,0.0,0.12270370125770569,0.5403885245323181,0.01643666997551918,0.009668629616498947,0.017843017354607582,0.0,0.0
622,A,0.34316757321357727,0.0009716456406749785,0.014839678071439266,0.03224096819758415,0.00287077110260725,0.04557901248335838,0.004637399688363075,0.003356593893840909,0.0956629291176796,0.0381150059401989,0.004814062267541885,0.05065806955099106,0.0,0.14786680042743683,0.0011924741556867957,0.09765038639307022,0.050348907709121704,0.0067573534324765205,0.0,0.059270381927490234
623,G,0.0031195078045129776,0.0009666080586612225,0.01739894598722458,0.0025043936911970377,0.00628295261412859,0.8886203765869141,0.002196836518123746,0.0,0.0,0.001933216117322445,0.0008347979164682329,0.017003515735268593,0.0,0.0,0.0013181018875911832,0.025439366698265076,0.0028998241759836674,0.0012741652317345142,0.0,0.028207382187247276
624,F,0.0,0.0,0.0,0.0,0.4694030284881592,0.0,0.040737319737672806,0.0,0.0,0.012801900506019592,0.0,0.0044432710856199265,0.0,0.0,0.0014077691594138741,0.0,0.0012757907388731837,0.0024196032900363207,0.0160133745521307,0.4514979422092438
625,A,0.14029298722743988,0.042585015296936035,0.0,0.004047336056828499,0.0,0.009150499477982521,0.0,0.0044432710856199265,0.0,0.0007918701157905161,0.0036953939124941826,0.0029915093909949064,0.5868637561798096,0.006290968507528305,0.0,0.14090889692306519,0.04425674304366112,0.0009238484781235456,0.0,0.012757907621562481
626,G,0.022066904231905937,0.04123258218169212,0.03815552219748497,0.017539232969284058,0.04048529639840126,0.002066024811938405,0.10756516456604004,0.12378565967082977,0.007648687809705734,0.007472855970263481,0.0030770583543926477,0.1429513394832611,0.0,0.001758319092914462,0.0011429074220359325,0.11398303508758545,0.04255132004618645,0.14361070096492767,0.0050991252064704895,0.13780824840068817
627,R,0.0,0.0,0.0037163207307457924,0.004910852760076523,0.01380347739905119,0.0,0.07260098308324814,0.0,0.12945184111595154,0.0019466442754492164,0.009998672641813755,0.020528247579932213,0.0,0.005176303908228874,0.7041100859642029,0.019068265333771706,0.008848383091390133,0.0007078706403262913,0.0013714993838220835,0.0037605627439916134
628,I,0.019439302384853363,0.0,0.0037468040827661753,0.0017191219376400113,0.04430044814944267,0.00013224015128798783,0.011064092628657818,0.25557613372802734,0.0354844406247139,0.13572247326374054,0.09763731062412262,0.002159922383725643,0.004804725293070078,0.05805342644453049,0.09790179133415222,0.003614563960582018,0.005642246454954147,0.07881512492895126,0.05104469880461693,0.09314114600419998
629,E,0.027383366599678993,0.0,0.007319869473576546,0.018696533516049385,0.0018961107125505805,0.01450745202600956,0.0016315372195094824,0.010406561195850372,0.06151336058974266,0.18259987235069275,0.005115089472383261,0.009524649009108543,0.20896904170513153,0.0067466264590620995,0.01719728298485279,0.1421642154455185,0.17532409727573395,0.10406561195850372,0.0,0.00493870722129941
630,Y,0.0,0.001983689609915018,0.0,0.0014106237795203924,0.4796561598777771,0.0,0.10813312977552414,0.006788626778870821,0.021159356459975243,0.08988318592309952,0.0,0.005378003232181072,0.0,0.0,0.0007493938901461661,0.0019396076677367091,0.0012783778365701437,0.0,0.0,0.28163984417915344
631,T,0.11717510223388672,0.003041791496798396,0.09094516187906265,0.11519132554531097,0.027949215844273567,0.06370128691196442,0.03716275840997696,0.007450185250490904,0.048404160887002945,0.008243695832788944,0.0,0.05074061080813408,0.026318110525608063,0.17637982964515686,0.07551578432321548,0.0821283757686615,0.025921354070305824,0.034826308488845825,0.0,0.008904955349862576
632,R,0.02142951637506485,0.0029983685817569494,0.21830768883228302,0.3816305696964264,0.0007495921454392374,0.0003527492517605424,0.0098769785836339,0.02764672227203846,0.06565545499324799,0.005820362363010645,0.0,0.05935005843639374,0.014462718740105629,0.03637726604938507,0.0495612695813179,0.0361127033829689,0.006569954566657543,0.05939415469765663,0.0,0.003703867085278034
633,F,0.004056795034557581,0.03651115670800209,0.0,0.0,0.8488844037055969,0.0,0.0012787723680958152,0.04466884210705757,0.0,0.03540876507759094,0.0004409560060594231,0.0,0.0,0.0,0.0,0.0021165888756513596,0.009436458349227905,0.0031748830806463957,0.0037040302995592356,0.010318370535969734
634,Y,0.038583651185035706,0.01199400331825018,0.0,0.001190581126138568,0.0802098959684372,0.0006173384026624262,0.001940206391736865,0.07200811058282852,0.07549166679382324,0.3149748742580414,0.006570244207978249,0.008378163911402225,0.0,0.0012787723680958152,0.13951846957206726,0.0021165888756513596,0.02412029355764389,0.13603492081165314,0.021254079416394234,0.06371814012527466
635,N,0.047478530555963516,0.017485136166214943,0.044395506381988525,0.11213389039039612,0.014578286558389664,0.024267781525850296,0.04091609641909599,0.02321074716746807,0.061308082193136215,0.05633120611310005,0.003787711961194873,0.10579167306423187,0.0003083021438214928,0.2659766674041748,0.09081699699163437,0.06218894571065903,0.020391983911395073,0.00229024444706738,0.0,0.006342215463519096
636,R,0.005931518040597439,0.0010784578043967485,0.03329738602042198,0.006246068049222231,0.0,0.0,0.05095713213086128,0.012312393635511398,0.049698930233716965,0.014199694618582726,0.022782420739531517,0.013975015841424465,0.011638357304036617,0.04116113856434822,0.7023456692695618,0.008897276595234871,0.0022018514573574066,0.0,0.0,0.023276714608073235
637,Y,0.00644546328112483,0.0011347646359354258,0.00027234351728111506,0.0,0.2766556143760681,0.0,0.0059915571473538876,0.0031773410737514496,0.0,0.01647678203880787,0.0,0.003313512774184346,0.0,0.0,0.0016340611036866903,0.009214288555085659,0.0,0.009668194688856602,0.0004085152759216726,0.6656075716018677
638,K,0.033448778092861176,0.006243164651095867,0.032901931554079056,0.09460444748401642,0.005103901028633118,0.06375318765640259,0.034177906811237335,0.002005103975534439,0.26964089274406433,0.008430550806224346,0.007519139442592859,0.015585125423967838,0.0002734232693910599,0.06502916663885117,0.20593328773975372,0.09433102607727051,0.004192490130662918,0.0012759752571582794,0.0015493985265493393,0.0540010929107666
639,M,0.03371043875813484,0.027618741616606712,0.008794027380645275,0.01218339242041111,0.026931708678603172,0.01621398888528347,0.0016946824034675956,0.28672194480895996,0.032107360661029816,0.14995649456977844,0.05752759426832199,0.009068841114640236,0.02844318188726902,0.023221729323267937,0.0006412311922758818,0.021939266473054886,0.014473503455519676,0.20945358276367188,0.0017862868262454867,0.037512023001909256
640,L,0.0,0.012963217683136463,0.00018322568212170154,0.009390316903591156,0.006962575949728489,0.003298062365502119,0.0010993541218340397,0.11094315350055695,0.002427740255370736,0.7527827620506287,0.016810957342386246,0.003618707414716482,0.00013741926522925496,0.0,0.0003664513642434031,0.0007787091890349984,0.009894187562167645,0.016673536971211433,0.0,0.051669642329216
641,C,0.16945195198059082,0.11189963668584824,0.027288127690553665,0.00073256716132164,0.014788700267672539,0.023716863244771957,0.00041206905734725296,0.06895288825035095,0.0109885074198246,0.1661553978919983,0.07376036047935486,0.10713794827461243,0.002976054325699806,0.0008699235622771084,0.022022800520062447,0.05201227217912674,0.10045327246189117,0.03319445252418518,0.0,0.013186209835112095
642,K,0.07020837813615799,0.001099152723327279,0.04236317798495293,0.04643920436501503,0.046713992953300476,0.01195328589528799,0.005587359890341759,0.006915502715855837,0.08358140289783478,0.010945728980004787,0.0005495763616636395,0.02386077307164669,0.4117242991924286,0.07025417685508728,0.046668194234371185,0.06315548717975616,0.027433020994067192,0.01021296065300703,0.0,0.02033432573080063
643,K,0.050311584025621414,0.0,0.06973973661661148,0.11271993815898895,0.019886363297700882,0.05260263755917549,0.051228005439043045,0.019978005439043045,0.12628298997879028,0.056634895503520966,0.0015579179162159562,0.08124083280563354,0.0473790317773819,0.037160925567150116,0.09054252505302429,0.11258247494697571,0.011455278843641281,0.014754398725926876,0.00027492668596096337,0.043667521327733994
644,T,0.1854097694158554,0.011852259747684002,0.046260565519332886,0.050303198397159576,0.03376515954732895,0.05227857455611229,0.023566704243421555,0.0672546848654747,0.05664277821779251,0.06844910234212875,0.009693127125501633,0.027149945497512817,0.0080393236130476,0.02958471141755581,0.038680631667375565,0.041253216564655304,0.1851341426372528,0.05581587553024292,0.004226387478411198,0.004639838356524706
645,W,0.055969804525375366,0.0005523336003534496,0.033646322786808014,0.03852526843547821,0.024855012074112892,0.013209979049861431,0.06678634136915207,0.16570007801055908,0.030838627368211746,0.11787720024585724,0.038571298122406006,0.0374666303396225,0.0271564032882452,0.029319709166884422,0.018042897805571556,0.028353124856948853,0.08759090304374695,0.0271564032882452,0.1474270522594452,0.010954616591334343
646,P,0.04534517973661423,0.012770682573318481,0.02568017691373825,0.06880436837673187,0.002498611807823181,0.02706829458475113,0.009901906363666058,0.032019250094890594,0.15893948078155518,0.040116600692272186,0.0015732001047581434,0.015223024412989616,0.3355543315410614,0.040579307824373245,0.060105495154857635,0.050296131521463394,0.03220432996749878,0.02146955393254757,0.015593188814818859,0.00425689434632659
647,S,0.051292724907398224,0.0014800425851717591,0.06854446977376938,0.10725683718919754,0.003607603721320629,0.04023865610361099,0.07816474884748459,0.00795522890985012,0.1552657186985016,0.04569631442427635,0.0343647375702858,0.0841311663389206,0.04754636809229851,0.021044354885816574,0.1008741483092308,0.05980296805500984,0.0545765683054924,0.014800425618886948,0.0,0.02335692197084427
648,F,0.018093131482601166,0.0247291699051857,0.04577165096998215,0.011967557482421398,0.06845896691083908,0.21626679599285126,0.05246441066265106,0.008621178567409515,0.033350348472595215,0.035732515156269073,0.005444955080747604,0.006522602401673794,0.10124213248491287,0.025126198306679726,0.03442799672484398,0.07787419855594635,0.028075547888875008,0.03295332193374634,0.10334070771932602,0.06953661143779755
649,N,0.031964708119630814,0.0,0.06392941623926163,0.035765185952186584,0.11414998024702072,0.06555819511413574,0.05103494971990585,0.021445536985993385,0.11530369520187378,0.046012893319129944,0.008415337651968002,0.07078384608030319,0.004139803349971771,0.1691211462020874,0.04879538342356682,0.06996946036815643,0.059043094515800476,0.01907024160027504,0.0,0.0054971156641840935
650,G,0.033859457820653915,0.00552169606089592,0.023232797160744667,0.05677970498800278,0.09084752947092056,0.205240398645401,0.010418294928967953,0.0093764653429389,0.05485232174396515,0.10199510306119919,0.09595249593257904,0.02844194322824478,0.03552638366818428,0.0778767541050911,0.020367765799164772,0.05787362530827522,0.04099598899483681,0.02286815643310547,0.0007292806403711438,0.0272438395768404
651,T,0.026925038546323776,0.0014788373373448849,0.42044875025749207,0.042223356664180756,0.001937786815688014,0.03034166246652603,0.0010708821937441826,0.0054054055362939835,0.036562979221343994,0.007445181254297495,0.00887302402406931,0.08485466241836548,0.03380928188562393,0.02559918351471424,0.016063233837485313,0.10866905003786087,0.10754717141389847,0.021162671968340874,0.0006119327154010534,0.018969913944602013
652,A,0.07211083918809891,0.025912616401910782,0.1010497435927391,0.1332513689994812,0.011159447953104973,0.09736145287752151,0.0060525815933942795,0.02860790677368641,0.04392850399017334,0.06917911767959595,0.006005296017974615,0.054331377148628235,0.08100056648254395,0.029884623363614082,0.010639304295182228,0.13859467208385468,0.049177225679159164,0.02903347834944725,0.005390580743551254,0.007329298183321953
653,K,0.038655780255794525,0.00023599376436322927,0.013782036490738392,0.017321942374110222,0.0015103601617738605,0.003539906581863761,0.005097465589642525,0.014584414660930634,0.3989238739013672,0.012885259464383125,0.015339595265686512,0.022419407963752747,0.019634680822491646,0.07093972712755203,0.2581771910190582,0.031575966626405716,0.012979657389223576,0.06140558049082756,0.0,0.0009911737870424986
654,Q,0.045365430414676666,0.0,0.1485888808965683,0.24027720093727112,0.006063921842724085,0.018966853618621826,0.020197875797748566,0.0016413623234257102,0.16167418658733368,0.02845028042793274,0.024483654648065567,0.03232571855187416,0.01636802963912487,0.14216022193431854,0.035243697464466095,0.032599277794361115,0.010076140984892845,0.03469657525420189,0.0,0.0008206811617128551
655,A,0.2711408734321594,0.02464917115867138,0.021095316857099533,0.02519591711461544,0.07002916187047958,0.1615181267261505,0.0002733734145294875,0.040185894817113876,0.07513213157653809,0.04173500835895538,0.0030071076471358538,0.042555131018161774,0.00022781119332648814,0.01116274856030941,0.0393202118575573,0.0625113919377327,0.05472024902701378,0.048295971006155014,0.006834335625171661,0.00041006013634614646
656,T,0.09668303281068802,0.33799684047698975,0.0,0.0017604002496227622,0.00819975882768631,0.000648568500764668,0.005929769482463598,0.15083850920200348,0.003706105751916766,0.018345223739743233,0.0025479476898908615,0.000324284250382334,0.0,0.00027795793721452355,0.005651811137795448,0.08871490508317947,0.02589641511440277,0.24779950082302094,0.0,0.004678958561271429
657,E,0.11192439496517181,0.010330770164728165,0.012091170065104961,0.30102843046188354,0.0054665058851242065,0.014222181402146816,0.008153432980179787,0.020105624571442604,0.11475030332803726,0.019827665761113167,0.005049569066613913,0.011210969649255276,0.0014824423706158996,0.1128045991063118,0.12883350253105164,0.05549893528223038,0.02367275021970272,0.030529046431183815,0.000324284250382334,0.012693412601947784
658,L,0.14982157945632935,0.0029658463317900896,0.034802354872226715,0.0973631739616394,0.004402428399771452,0.008248760364949703,0.023865794762969017,0.0461096428334713,0.14699476957321167,0.15997034311294556,0.0231243334710598,0.026553593575954437,0.0030121877789497375,0.039621856063604355,0.05667547136545181,0.03855600208044052,0.06682422757148743,0.03855600208044052,0.005514620803296566,0.027017006650567055
659,I,0.020429009571671486,0.015182468108832836,0.0,0.0020429010037332773,0.04308663681149483,0.0,0.0,0.3222676217556,0.002135760150849819,0.40663012862205505,0.09151267260313034,0.004317949526011944,0.005664407275617123,0.0011143096489831805,0.0008357322076335549,9.285913256462663e-05,0.012164546176791191,0.06927291303873062,0.0,0.003250069683417678
660,L,0.012624152936041355,0.029703889042139053,0.00018564930360298604,0.005291005130857229,0.05824746936559677,0.015455304645001888,0.0019957299809902906,0.16216467320919037,0.008447043597698212,0.5924533605575562,0.04432377219200134,0.0017636683769524097,0.0,0.0,0.002831151941791177,0.005198180675506592,0.010767660103738308,0.04854729399085045,0.0,0.0
661,Q,0.03207362815737724,0.009715056046843529,0.08580858260393143,0.16915354132652283,0.0018593408167362213,0.08380979299545288,0.046669457107782364,0.010784177109599113,0.11825408041477203,0.0217078048735857,0.01817505620419979,0.047134291380643845,0.00697252806276083,0.1036117672920227,0.16431924700737,0.046158138662576675,0.022358573973178864,0.007948682643473148,0.0021847255993634462,0.0013015385484322906
662,Q,0.10815177112817764,0.014632570557296276,0.03697378188371658,0.03581979498267174,0.034435007721185684,0.04611336812376976,0.05585302785038948,0.0033696454484015703,0.125,0.03046528808772564,0.004939069505780935,0.06148448958992958,0.007154726888984442,0.0644848570227623,0.07043943554162979,0.1944700926542282,0.060792095959186554,0.013340103439986706,0.0,0.03208087012171745
663,H,0.08997669070959091,0.024848485365509987,0.002424242440611124,0.0017715618014335632,0.019207458943128586,0.0020979021210223436,0.018834499642252922,0.09198135137557983,0.033426571637392044,0.3903496563434601,0.07296036928892136,0.012214452028274536,4.662004721467383e-05,0.009883450344204903,0.0027505827601999044,0.035151515156030655,0.033240094780921936,0.11822843551635742,0.002657342702150345,0.037948716431856155
664,N,0.013453954830765724,0.001948503777384758,0.19234515726566315,0.1655300408601761,0.0012526096543297172,0.16270007193088531,0.028763627633452415,0.03966597095131874,0.088239386677742,0.04133611544966698,0.008211552165448666,0.059104617685079575,0.05298074707388878,0.06671305745840073,0.01735096238553524,0.030990488827228546,0.01897471584379673,0.00802597962319851,0.0019948966801166534,0.0004175365320406854
665,I,0.037887219339609146,0.001437581144273281,0.006863290444016457,0.03904655948281288,0.02128547616302967,0.01655537076294422,0.0024578000884503126,0.1448710858821869,0.023094044998288155,0.34534409642219543,0.04308106005191803,0.009042848832905293,0.012196253053843975,0.013772955164313316,0.029168985784053802,0.02383602224290371,0.010712298564612865,0.14074383676052094,0.025412725284695625,0.053190503269433975
666,D,0.013340823352336884,0.0,0.3415250778198242,0.1201610267162323,0.0010298178531229496,0.02186022512614727,0.00571080856025219,0.0,0.1175396740436554,0.016196226701140404,0.008613022975623608,0.0989561378955841,0.14436174929141998,0.03758835420012474,0.008472592569887638,0.03646491467952728,0.025043299421668053,0.0012170575791969895,0.0015447268960997462,0.0003744792484212667
667,K,0.020205790176987648,0.002825611736625433,0.05939115956425667,0.11057205498218536,0.0003198805788997561,0.03737271577119827,0.114037424325943,0.0025590446311980486,0.12533986568450928,0.0027722984086722136,0.0017593431985005736,0.06898757815361023,0.18419790267944336,0.07730447500944138,0.035026922821998596,0.11019885540008545,0.03257450461387634,0.011462387628853321,0.0008530148770660162,0.002239163964986801
668,E,0.11342746764421463,0.007240051403641701,0.175815150141716,0.09165596961975098,0.0,0.015044929459691048,0.01781771518290043,0.027060333639383316,0.07845956087112427,0.014890885911881924,0.0,0.16426187753677368,0.025622593238949776,0.024492939934134483,0.025879332795739174,0.07999999821186066,0.07198973000049591,0.04005134850740433,0.0,0.02629011496901512
669,E,0.011324816383421421,0.012541532516479492,0.11797463893890381,0.22471804916858673,0.0035097571089863777,0.07365810126066208,0.008610604330897331,0.008049042895436287,0.051429640501737595,0.11086152493953705,0.01118442602455616,0.07342411577701569,0.029715944081544876,0.14736300706863403,0.010154897347092628,0.06883803755044937,0.02849922701716423,0.007300294935703278,0.0008423416875302792,0.0
670,I,0.026792824268341064,0.026230737566947937,0.0028572767041623592,0.0033256825990974903,0.15640076994895935,0.0,0.0011241744505241513,0.020656704902648926,0.0,0.013490092940628529,0.01203803438693285,0.0,0.0,0.0,0.002576233120635152,0.006510843522846699,0.0003278842195868492,0.08773244917392731,0.18469248712062836,0.4552437961101532
671,R,0.08581600338220596,0.02295297011733055,0.000187371188076213,0.014287052676081657,0.0048716505989432335,0.004450065549463034,0.049887578934431076,0.011008056811988354,0.13846729695796967,0.06009930744767189,0.022625070065259933,0.005995878018438816,0.0,0.27388983964920044,0.16615138947963715,0.011382799595594406,0.07166947424411774,0.04482855647802353,0.0,0.01142964232712984
672,M,0.001782196806743741,0.04474252089858055,0.0,0.006988087203353643,0.1822061687707901,0.0,0.0,0.30916425585746765,0.002438795519992709,0.1764843761920929,0.0742894634604454,0.0,0.005862489342689514,0.0008910984033718705,0.0,0.0030484944581985474,0.012709877453744411,0.14398273825645447,0.0,0.035409435629844666
673,G,0.00023436767514795065,0.003843629965558648,0.0009843442821875215,0.0,0.0,0.9715477824211121,0.0,0.0,0.0,0.002437423914670944,0.0,0.0,0.0,0.0,0.003281147452071309,0.004124870989471674,0.005999812390655279,0.0,0.007171650882810354,0.00037498827441595495
674,K,0.014245548285543919,0.0,0.0035613870713859797,0.010028116405010223,0.0033739455975592136,0.0,0.09208060055971146,0.012558575719594955,0.30590441823005676,0.09737581759691238,0.00037488286034204066,0.06190253049135208,0.00417057191953063,0.07722586393356323,0.1655576378107071,0.033973757177591324,0.09671977162361145,0.017666354775428772,0.0,0.0032802249770611525
675,T,0.012128875590860844,0.0,0.0,0.002669289242476225,0.002435141010209918,0.0,0.002622459549456835,0.00032780744368210435,0.0456588938832283,0.001217570505104959,0.0,0.04931160435080528,0.001685866853222251,0.03840029984712601,0.01231619343161583,0.19401517510414124,0.6304205060005188,0.002856607548892498,0.0,0.0039336890913546085
676,K,0.006246503908187151,0.002051090821623802,0.0,0.0,0.0002796942135319114,0.01496363990008831,0.009183293208479881,0.0002330785064259544,0.6601249575614929,0.013518553227186203,0.0836285650730133,0.053841132670640945,0.0,0.0653085932135582,0.07220771908760071,0.0004661570128519088,0.0005593884270638227,0.002424016362056136,0.0,0.01496363990008831
677,V,0.0020134856458753347,0.011378535069525242,0.0,0.00028095149900764227,0.0,0.0,0.0,0.3014141321182251,0.0,0.08821877092123032,0.007772990968078375,0.0,0.0,0.0,0.0,0.0,0.0003277767391409725,0.5885933637619019,0.0,0.0
678,F,0.0,0.0009404241573065519,0.0,0.0,0.9262237548828125,0.0,0.0,0.017632951959967613,0.006018714513629675,0.02275826409459114,0.0,0.0,0.0,0.0,0.0,0.0,0.0020689330995082855,0.006300841458141804,0.0,0.018056143075227737
679,I,0.0032537442166358232,0.0007177377119660378,0.0,0.0,0.3228384256362915,0.0,0.0,0.16096463799476624,0.0,0.3815493583679199,0.07306569814682007,0.0,0.0,0.0005263409693725407,0.0,0.00014354754239320755,0.0013397770235314965,0.053112588822841644,0.0,0.002488157246261835
680,R,0.0051731569692492485,0.0,0.0,0.006131148897111416,0.0,0.0,0.0,0.0,0.36437228322029114,0.0,0.0011495904764160514,0.014848876744508743,0.0,0.010106815956532955,0.5016046166419983,0.06514345854520798,0.03147003799676895,0.0,0.0,0.0
681,N,0.2731820046901703,0.0,0.07536552846431732,0.13255098462104797,0.04722970351576805,0.002645248081535101,0.033955369144678116,0.006060022860765457,0.013707195408642292,0.008416698314249516,0.0,0.11831473559141159,0.028424393385648727,0.022412465885281563,0.011687187477946281,0.09152558445930481,0.04771065711975098,0.015967680141329765,0.0007214313372969627,0.07012312114238739
682,P,0.03472823649644852,0.0,0.014430014416575432,0.05170755088329315,0.002020202111452818,0.3615199625492096,0.022462721914052963,0.003367003286257386,0.0506974495947361,0.012938912957906723,0.0,0.03862433880567551,0.19523809850215912,0.017604617401957512,0.037806637585163116,0.05416065454483032,0.01755651831626892,0.0007215007208287716,0.00591630581766367,0.07849927991628647
683,T,0.0,0.0,0.0,0.2888889014720917,0.0,0.0,0.0,0.0,0.07891737669706345,0.0,0.0,0.023931624367833138,0.0,0.018803419545292854,0.5646723508834839,0.014245014637708664,0.010541310533881187,0.0,0.0,0.0
684,T,0.05573287606239319,0.038546524941921234,0.000834765553008765,0.04213110730051994,0.0059415665455162525,0.022342253476381302,0.0835256576538086,0.033930763602256775,0.023864474147558212,0.08976184576749802,0.08023569732904434,0.008544070646166801,0.002504296600818634,0.09069482237100601,0.004566658288240433,0.041099924594163895,0.1834028959274292,0.19179965555667877,0.0,0.0005401424132287502
685,L,0.019662508741021156,0.0,0.037466373294591904,0.0200538020581007,0.04260210320353508,0.004548789467662573,0.017852775752544403,0.029249204322695732,0.008217168040573597,0.42367327213287354,0.04661286249756813,0.00034238200169056654,0.0,0.00899975560605526,0.06495475769042969,0.011298606172204018,0.00034238200169056654,0.18767425417900085,0.035412080585956573,0.041036929935216904
686,F,0.2480764538049698,0.0,0.04101935774087906,0.11477579176425934,0.10806175321340561,0.07694192230701447,0.009213428013026714,0.008478313684463501,0.009654496796429157,0.04435187578201294,0.02185738831758499,0.022396471351385117,0.00318549363873899,0.11041411757469177,0.041068363934755325,0.03753981739282608,0.04087233543395996,0.012545944191515446,0.0,0.049546681344509125
687,Y,0.07482071965932846,0.0036106514744460583,0.02773180976510048,0.12762649357318878,0.026026779785752296,0.005716864950954914,0.10019557923078537,0.06383832544088364,0.07311569154262543,0.10546111315488815,0.027280477806925774,0.0074218944646418095,0.0015545859932899475,0.13173863291740417,0.061431221663951874,0.014442605897784233,0.03119201585650444,0.05140163376927376,0.001404142240062356,0.06398876756429672
688,F,0.0,0.0,0.0,0.0,0.027927609160542488,0.0,0.0,0.05610727518796921,0.0,0.8228058815002441,0.01683722250163555,0.0,0.0,0.0,0.0,0.0,0.038564298301935196,0.03679991886019707,0.0,0.0009578061290085316
689,E,0.025471404194831848,0.0,0.10370872169733047,0.692467987537384,0.0,0.0007292426307685673,0.0,0.0,0.000885508896317333,0.003021148033440113,0.0030732369050383568,0.07485155016183853,0.0,0.05724554508924484,0.007500781212002039,0.024221273139119148,0.006354828830808401,0.00046879882575012743,0.0,0.0
690,E,0.07420970499515533,0.016640637069940567,0.13156336545944214,0.31358715891838074,0.001023210701532662,0.00807797908782959,0.020895039662718773,0.012709354050457478,0.08191071450710297,0.06284668296575546,0.0008077979437075555,0.01206311583518982,0.0,0.12208519876003265,0.0793796107172966,0.028003662824630737,0.009962840937077999,0.011739997193217278,0.0,0.012493941932916641
691,K,0.05443226173520088,0.013222412206232548,0.0017078948440030217,0.12076469510793686,0.06930747628211975,0.025067489594221115,0.0005509338225238025,0.06506528705358505,0.03603107109665871,0.18874992430210114,0.11255577951669693,0.00181808159686625,0.0,0.09305272251367569,0.13382183015346527,0.02771197259426117,0.025618422776460648,0.014709933660924435,0.0,0.015811800956726074
692,R,0.00029280863236635923,0.0,0.0,0.0,0.006851721554994583,0.0,0.0007613024208694696,0.04632232338190079,0.010014054365456104,0.14218786358833313,0.02114078216254711,0.0,0.0,0.005094869993627071,0.7197821736335754,0.0,0.0003513703413773328,0.01827125810086727,0.014991801232099533,0.013937690295279026
693,E,0.12386279553174973,0.0003369499172549695,0.3382977247238159,0.13309521973133087,0.0,0.004582519177347422,0.04670125991106033,0.0,0.06604218482971191,0.018195295706391335,0.027495114132761955,0.02702338434755802,0.0,0.04151223227381706,0.06705303490161896,0.03888402134180069,0.048251230269670486,0.009569377638399601,0.0,0.009097647853195667
694,L,0.035013895481824875,0.0,0.07098054885864258,0.3570464551448822,0.0023025008849799633,0.0003175863530486822,0.0010321555892005563,0.0,0.07217149436473846,0.13489480316638947,0.021595871075987816,0.017626041546463966,0.0,0.15498213469982147,0.07042477279901505,0.00651051988825202,0.015879318118095398,0.035887256264686584,0.0,0.0033346565905958414
695,E,0.061152439564466476,0.0,0.0,0.018660951405763626,0.0,0.0,0.004791324958205223,0.0,0.44118016958236694,0.0,0.0066826376132667065,0.0,0.0,0.13478754460811615,0.3009708821773529,0.004160887561738491,0.027613162994384766,0.0,0.0,0.0
696,M,0.0,0.0,0.0,0.0,0.0,0.0,0.0,0.3602260947227478,0.0,0.5596094727516174,0.017985612154006958,0.0,0.0,0.0,0.0,0.0,0.0,0.062178827822208405,0.0,0.0
697,P,0.0,0.0,0.0,0.0,0.0,0.0,0.0,0.0,0.0,0.0,0.0,0.0,1.0,0.0,0.0,0.0,0.0,0.0,0.0,0.0
