RES_NUM,AMINO_ACID,A,C,D,E,F,G,H,I,K,L,M,N,P,Q,R,S,T,V,W,Y
1,V,0.0,0.0,0.0,0.0,0.0,0.0,0.0,0.0,0.0,0.0,0.0,0.0,0.0,0.0,0.0,0.0,0.0,1.0,0.0,0.0
2,K,0.0,0.0,0.0,0.0,0.0,0.0,0.0,0.0,1.0,0.0,0.0,0.0,0.0,0.0,0.0,0.0,0.0,0.0,0.0,0.0
3,I,0.0,0.0,0.0,0.0,0.0,0.0,0.0,0.3755249083042145,0.0,0.0,0.0,0.0,0.0,0.0,0.0,0.0,0.0,0.6244751214981079,0.0,0.0
4,V,0.024869635701179504,0.0,0.04492579400539398,0.3473726511001587,0.0,0.0,0.007220216561108828,0.0,0.22944243252277374,0.0,0.0,0.02446851134300232,0.0,0.09386281669139862,0.022061772644519806,0.05695948749780655,0.06498195230960846,0.08383473753929138,0.0,0.0
5,T,0.0912756621837616,0.0,0.05590175837278366,0.45106303691864014,0.0,0.0,0.005865102633833885,0.01832844503223896,0.0751466304063797,0.0034824046306312084,0.0,0.0,0.0,0.09072580933570862,0.020527860149741173,0.03574046865105629,0.13746334612369537,0.014479472301900387,0.0,0.0
6,V,0.0,0.0022282348945736885,0.0,0.004774789325892925,0.0,0.0,0.0,0.12876014411449432,0.03724335506558418,0.6453923583030701,0.0012732770992442966,0.0,0.0,0.0,0.0011141174472868443,0.0,0.004138150718063116,0.1685500591993332,0.0,0.006525544915348291
7,K,0.0849931612610817,0.0,0.029192641377449036,0.24585677683353424,0.0,0.00714611541479826,0.02858446165919304,0.0057777101173996925,0.07024478912353516,0.0077542951330542564,0.0,0.03253763169050217,0.07085297256708145,0.11859510093927383,0.18062946200370789,0.03755511716008186,0.06994070112705231,0.008818610571324825,0.0,0.0015204501105472445
8,T,0.08013048022985458,0.001276414724998176,0.2379804253578186,0.12069210410118103,0.005531130358576775,0.0,0.007091192528605461,0.0058147781528532505,0.13615089654922485,0.007233016658574343,0.0,0.005247482564300299,0.0,0.015175152570009232,0.02552829310297966,0.01744433492422104,0.32378387451171875,0.010920437052845955,0.0,0.0
9,K,0.09101151674985886,0.06997997313737869,0.02616424672305584,0.003630445571616292,0.0008763144724071026,0.009764647111296654,0.0,0.0047571356408298016,0.16274411976337433,0.04869804531335831,0.0,0.035553328692913055,0.0,0.027165748178958893,0.3366299569606781,0.0719829723238945,0.0719829723238945,0.03179769590497017,0.0,0.007260891143232584
10,A,0.09981083869934082,0.0,0.0,0.001001446507871151,0.3860020041465759,0.0,0.0,0.0184711255133152,0.0,0.15444530546665192,0.009124290198087692,0.0012239902280271053,0.29019695520401,0.0,0.0,0.0023367085959762335,0.0008901747060008347,0.03649716079235077,0.0,0.0
11,Y,0.15436312556266785,0.05985508859157562,0.04567888379096985,0.06899086385965347,0.13105113804340363,0.06899086385965347,0.040638454258441925,0.020896775647997856,0.0003150267875753343,0.03265777602791786,0.0015751338796690106,0.03580804541707039,0.0006300535751506686,0.006090517621487379,0.017221463844180107,0.10910427570343018,0.021841855719685555,0.0033602856565266848,0.008295705541968346,0.17263467609882355
12,P,0.06292485445737839,0.035182803869247437,0.06494580209255219,0.07918427139520645,0.0,0.12731949985027313,0.03049788810312748,0.012676832266151905,0.10683446377515793,0.009645416401326656,0.012033805251121521,0.045379385352134705,0.026547860354185104,0.19042807817459106,0.028293220326304436,0.10802865773439407,0.058791108429431915,0.0007348888320848346,0.0,0.0005511666531674564
13,D,0.018445773050189018,0.0005123825976625085,0.13458582758903503,0.04953031614422798,0.0,0.08804440498352051,0.000939368037506938,0.01016225479543209,0.06754910200834274,0.007002561818808317,0.01204099040478468,0.04056362062692642,0.11844577640295029,0.03936806321144104,0.354568749666214,0.01204099040478468,0.03834329545497894,0.005294620059430599,0.0,0.0025619128718972206
14,Q,0.002200847724452615,0.0,0.0,0.002771437866613269,0.0013857189333066344,0.0,0.0006521030445583165,0.14647863805294037,0.04947831854224205,0.3001304268836975,0.122921422123909,0.008069775067269802,0.0016302575822919607,0.17150309681892395,0.014998369850218296,0.007499184925109148,0.0024453862570226192,0.16669383645057678,0.0,0.0011411802843213081
15,K,0.10940734297037125,0.0,0.0009200337226502597,0.1495821475982666,0.006593575235456228,0.0038334738928824663,0.005903549958020449,0.04224488139152527,0.22709499299526215,0.05182856693863869,0.001993406331166625,0.0062868972308933735,0.007666947785764933,0.04469830542802811,0.046998389065265656,0.08924327045679092,0.10350379347801208,0.02399754710495472,0.0,0.07820286601781845
16,P,0.0,0.0,0.0,0.0,0.8473190069198608,0.0,0.0,0.0043379319831728935,0.0,0.002631204668432474,0.0012800454860553145,0.0,0.13575594127178192,0.0,0.0,0.0,0.006542454939335585,0.0,0.0,0.002133409259840846
17,G,0.0,0.0,0.0,0.004318278282880783,0.0,0.9520034193992615,0.0,0.0,0.0009202888468280435,0.0021237435285001993,0.0,0.0009910803055390716,0.0,0.003681155387312174,0.0023361179046332836,0.03242248296737671,0.001203454565256834,0.0,0.0,0.0
18,T,0.020453909412026405,0.0,0.0014009526930749416,0.002381619531661272,0.003992714919149876,0.0028719529509544373,0.0,0.0016811431851238012,0.0026618100237101316,0.0,0.0,0.0,0.025917623192071915,0.01071728765964508,0.0016110955039039254,0.019823480397462845,0.9021434783935547,0.000630428665317595,0.0,0.003712524427101016
19,S,0.317281037569046,0.0,0.18478187918663025,0.005140345077961683,0.003111261408776045,0.06195468455553055,0.00351707823574543,0.0,0.002299627987667918,0.0,0.004125803243368864,0.018261751160025597,0.0,0.0,0.02096719667315483,0.36895501613616943,0.0020290834363549948,0.0,0.001758539117872715,0.0058167059905827045
20,G,0.0,0.0,0.0066274432465434074,0.0,0.0,0.9933725595474243,0.0,0.0,0.0,0.0,0.0,0.0,0.0,0.0,0.0,0.0,0.0,0.0,0.0,0.0
21,L,0.012241379357874393,0.0,0.0,0.0,0.03459770232439041,0.0,0.09051723778247833,0.24925287067890167,0.0,0.3852298855781555,0.03718390688300133,0.0,0.0,0.0,0.019999999552965164,0.0,0.00040229884325526655,0.11206896603107452,0.058505747467279434,0.0
22,R,0.0020953675266355276,0.0019254728686064482,0.0,0.0016989466967061162,0.0,0.0,0.0007362102041952312,0.0012458942364901304,0.0017555782105773687,0.0,0.0,0.0,0.0006229471182450652,0.007078944239765406,0.966360867023468,0.010873259045183659,0.004020840395241976,0.0015856835525482893,0.0,0.0
23,K,0.10037718713283539,0.0028148398268967867,0.004616337362676859,0.001632607076317072,5.629679799312726e-05,0.6612621545791626,5.629679799312726e-05,5.629679799312726e-05,0.14929910004138947,5.629679799312726e-05,0.0010696391109377146,0.004560040310025215,5.629679799312726e-05,0.0012385295704007149,0.010246017016470432,0.055564939975738525,0.0034904014319181442,5.629679799312726e-05,0.003434104612097144,5.629679799312726e-05
24,R,0.058678194880485535,0.025211971253156662,0.003874445566907525,0.05519681051373482,0.004042899701744318,0.0,0.003930597100406885,0.1369532197713852,0.16109831631183624,0.08327250182628632,0.00039305968675762415,0.011005671694874763,0.07659048587083817,0.00904037244617939,0.10747374594211578,0.09534505009651184,0.04334886744618416,0.11965859681367874,0.0,0.004885170608758926
25,V,0.14411748945713043,0.0,0.0,0.0003908649377990514,0.055893685668706894,0.0012284326367080212,0.003071081591770053,0.0847618505358696,0.0,0.09983807057142258,0.17482830584049225,0.0010609191376715899,0.0025685408618301153,0.0014517840463668108,0.024959517642855644,0.050644926726818085,0.05220838636159897,0.2695292830467224,0.0005583784659393132,0.032888490706682205
26,K,0.09770908206701279,0.003588186576962471,0.024344466626644135,0.0372067354619503,0.0158432237803936,0.34827491641044617,0.0006072315736673772,0.011150979436933994,0.05696936324238777,0.06939000636339188,0.0,0.10488545149564743,0.03847640007734299,0.039359647780656815,0.04846812039613724,0.03764835745096207,0.03152083978056908,0.024896495044231415,0.0004968258435837924,0.009163676761090755
27,V,0.215561643242836,0.002958904020488262,0.09008219093084335,0.11205479502677917,0.0033972603268921375,0.020602740347385406,0.013150684535503387,0.02054794505238533,0.09408219158649445,0.04723287746310234,0.001095890416763723,0.044383563101291656,0.03879452124238014,0.020767122507095337,0.024164384230971336,0.04843835532665253,0.02586301416158676,0.15172602236270905,0.0012054794933646917,0.023890411481261253
28,F,0.032297179102897644,0.0027557318098843098,0.08774250745773315,0.09121472388505936,0.16512346267700195,0.3577491044998169,0.013117283582687378,0.00473985867574811,0.013447972014546394,0.03995811194181442,0.004629629664123058,0.01647927612066269,0.0037477954756468534,0.02965167537331581,0.007495590951293707,0.06128747761249542,0.04524911940097809,0.010692239739000797,0.0019841270986944437,0.010637125000357628
29,Q,0.02532202936708927,0.0,0.0018716283375397325,0.057580094784498215,0.14543652534484863,0.013706925325095654,0.0,0.08141583204269409,0.04233182966709137,0.14879445731639862,0.023725641891360283,0.011945392936468124,0.13431686162948608,0.05141473188996315,0.009523285552859306,0.05774523690342903,0.14466585218906403,0.03622151166200638,0.0006605747039429843,0.013321589678525925
30,S,0.04294409975409508,0.032333724200725555,0.07996872812509537,0.021555816754698753,0.08862455934286118,0.03869995102286339,0.012453231029212475,0.042553190141916275,0.021779192611575127,0.008376612327992916,0.027363600209355354,0.18657508492469788,0.003462333232164383,0.0863349512219429,0.0032389569096267223,0.12252192199230194,0.17674651741981506,0.004188306163996458,0.0,0.00027922040317207575
31,S,0.016474014148116112,0.0022754163946956396,0.022026030346751213,0.043961044400930405,0.0,0.059615910053253174,0.029216347262263298,0.006007099524140358,0.05060525983572006,0.016200965270400047,0.0,0.33685263991355896,0.0,0.04368799552321434,0.1924092173576355,0.013834531418979168,0.16182760894298553,0.0010011831764131784,0.001638299785554409,0.0023664331529289484
32,T,0.06436621397733688,0.0022655976936221123,0.1103171855211258,0.1755547821521759,0.02596723660826683,0.011967003345489502,0.004356918856501579,0.031427908688783646,0.02916231006383896,0.014871615916490555,0.18763796985149384,0.00249796686694026,0.23701637983322144,0.023934006690979004,0.028116649016737938,0.0204484723508358,0.014523062855005264,0.012199372984468937,0.0,0.003369350451976061
33,N,0.047970887273550034,0.004631671588867903,0.1350904256105423,0.1573665589094162,0.008436259813606739,0.011413762345910072,0.053264226764440536,0.0162659902125597,0.01588001847267151,0.10140053182840347,0.001213056850247085,0.3001213073730469,0.019188353791832924,0.03187031298875809,0.014170709997415543,0.048853110522031784,0.005734450649470091,0.010476400144398212,0.0034186148550361395,0.013233347795903683
34,Y,0.03337819501757622,0.00247644679620862,0.039892327040433884,0.010174966417253017,0.10578735172748566,0.005921937990933657,0.08436069637537003,0.06993270665407181,0.004253028426319361,0.1297442764043808,0.014966352842748165,0.028317632153630257,0.004629878792911768,0.0018842529971152544,0.06024226173758507,0.006191117223352194,0.15956930816173553,0.10567967593669891,0.0011843875981867313,0.13141319155693054
35,A,0.16780859231948853,0.03757627680897713,0.005192163400352001,0.0,0.01188309583812952,0.0015522963367402554,0.0,0.2401777058839798,0.0,0.10148806124925613,0.0214645117521286,0.008296756073832512,0.007440316956490278,0.0,0.0,0.01948399469256401,0.0437319353222847,0.3246975839138031,0.0,0.009206723421812057
36,E,0.09975526481866837,0.00861885491758585,0.0017556926468387246,0.1158757209777832,0.029633965343236923,0.025271333754062653,0.0034581825602799654,0.11071504652500153,0.05921472609043121,0.15045754611492157,0.017290912568569183,0.005586294922977686,0.010640561580657959,0.06916365027427673,0.09688231348991394,0.018035752698779106,0.05171313136816025,0.04048733785748482,0.024739306420087814,0.06070440635085106
37,N,0.18817776441574097,0.0020731447730213404,0.012917286716401577,0.04523708298802376,0.00047841802006587386,0.00659153750166297,0.01169466320425272,0.00616627698764205,0.12534552812576294,0.07952370494604111,0.0002657877921592444,0.12444184720516205,0.0017010419396683574,0.18201148509979248,0.16457580029964447,0.015362534672021866,0.01073782704770565,0.015628322958946228,0.0034552414435893297,0.003614713903516531
38,F,0.16700328886508942,0.002338683931156993,0.00037206336855888367,0.0,0.15121717751026154,0.00026575953233987093,0.0021260762587189674,0.2012331187725067,0.0,0.1918252408504486,0.004571063909679651,0.009354735724627972,0.0,0.0,0.0013287976616993546,0.027692144736647606,0.11682789772748947,0.09806527197360992,0.005262039136141539,0.020516635850071907
39,I,0.2480999231338501,0.008769598789513111,0.0,0.008238107897341251,0.0005314908339641988,0.2918947637081146,0.001647621626034379,0.08785543590784073,0.0,0.002391708781942725,0.0,0.0,0.0,0.000637789024040103,0.0003720435779541731,0.09534945338964462,0.19319692254066467,0.06101514771580696,0.0,0.0
40,Q,0.1352069228887558,0.008447112515568733,0.0018594273133203387,0.057854752987623215,0.030972745269536972,0.0062157995998859406,0.02093183808028698,0.021675609052181244,0.033894702792167664,0.06295489519834518,0.02093183808028698,0.007650215178728104,0.003240716177970171,0.36768847703933716,0.08813685178756714,0.02215374819934368,0.021569356322288513,0.011794081889092922,0.024385061115026474,0.052435848861932755
41,S,0.4701678156852722,0.009899942204356194,0.0011117581743746996,0.004288210067898035,0.004341151099652052,0.29451003670692444,0.000423526915255934,0.0006352904019877315,0.00815289281308651,0.010535231791436672,0.0008999946876429021,0.0005294086295180023,0.0,0.0,0.010270527563989162,0.15035206079483032,0.019535178318619728,0.00815289281308651,0.004764677956700325,0.0014294033171609044
42,I,0.0756816640496254,0.0038500078953802586,0.0,0.006223300471901894,0.2082168608903885,0.013079479336738586,0.002795211272314191,0.17878803610801697,0.0,0.28173619508743286,0.027108274400234222,0.0,0.0014239755691960454,0.0,0.0,0.00959865003824234,0.026580875739455223,0.08543853461742401,0.0,0.0794789269566536
43,I,0.32590368390083313,0.06528612226247787,0.0005269258981570601,0.0,0.06481188535690308,0.2509748041629791,0.0021077035926282406,0.03619981184601784,0.0008430814486928284,0.0669722855091095,0.007271577604115009,0.00031615555053576827,0.0028980926144868135,0.002740014810115099,0.0,0.04405100643634796,0.003425018396228552,0.09384550899267197,0.00031615555053576827,0.03151017054915428
44,S,0.04579508304595947,0.0015827793395146728,0.08942703157663345,0.12414266169071198,0.016619183123111725,0.002532446989789605,0.04078294709324837,0.007861137390136719,0.10372480750083923,0.020998205989599228,0.004484541714191437,0.0839400663971901,0.0,0.0930146649479866,0.14445500075817108,0.09855439513921738,0.08652526885271072,0.0034293553326278925,0.0,0.032130420207977295
45,T,0.06449229270219803,0.033143337815999985,0.005119273904711008,0.03187671676278114,0.06686721742153168,0.0017416086047887802,0.021796496585011482,0.028024066239595413,0.0029554569628089666,0.0664450079202652,0.018629934638738632,0.0043804096058011055,0.0,0.019527126103639603,0.011082964017987251,0.06248680502176285,0.05319822579622269,0.11304622888565063,0.07309478521347046,0.32209205627441406
46,V,0.014380881562829018,0.01887490786612034,0.0,0.00026435445761308074,0.08295442163944244,0.004282542038708925,0.0,0.13074970245361328,0.0007401924231089652,0.4940255880355835,0.043882839381694794,0.006608861032873392,0.0,0.0013217722298577428,0.08126255869865417,0.0031722532585263252,0.012689013034105301,0.0781431719660759,0.0006344506982713938,0.0260124783962965
47,E,0.10087165981531143,0.004879118409007788,0.05717888101935387,0.09955594688653946,0.0033441148698329926,0.04643385857343674,0.029713282361626625,0.03355079144239426,0.1794857680797577,0.10339345782995224,0.00455018924549222,0.034427937120199203,0.06348336488008499,0.03662079945206642,0.09040074795484543,0.045118141919374466,0.04698207229375839,0.016336822882294655,0.0,0.003673044266179204
48,P,0.09974504262208939,0.001989925978705287,0.0780424103140831,0.15819911658763885,0.0,0.02474970370531082,0.01075803767889738,0.001989925978705287,0.14140911400318146,0.03432622179389,0.0027983335312455893,0.07623904198408127,0.021578259766101837,0.07487096637487411,0.10583918541669846,0.0943349301815033,0.04098003730177879,0.026739630848169327,0.0,0.0054101115092635155
49,A,0.04997570067644119,0.002996922004967928,0.02745828591287136,0.14344726502895355,0.0033209137618541718,0.03806900978088379,0.10019439458847046,0.036368053406476974,0.11436902731657028,0.007208812516182661,0.0006479831645265222,0.03434310853481293,0.04714077338576317,0.06925319880247116,0.10092337429523468,0.12425076961517334,0.07500404864549637,0.009314757771790028,0.0,0.015713591128587723
50,Q,0.09044640511274338,0.006990434136241674,0.16893549263477325,0.12122884392738342,0.043659552931785583,0.07904095947742462,0.03384841978549957,0.009443217888474464,0.07671082019805908,0.017414765432476997,0.000858474348206073,0.11963453888893127,0.023117488250136375,0.05101790651679039,0.015145940706133842,0.06414029747247696,0.03703703731298447,0.03115035593509674,0.0,0.01017905306071043
51,R,0.0960184782743454,0.00263968319632113,0.03569071739912033,0.05389353260397911,0.03019137680530548,0.15233172476291656,0.00934887770563364,0.012208535335958004,0.13665859401226044,0.09733831882476807,0.006324240937829018,0.06742190569639206,0.0819401666522026,0.031071271747350693,0.060052793473005295,0.05092388764023781,0.02298724092543125,0.034865815192461014,0.0014848217833787203,0.01660800725221634
52,Q,0.049309246242046356,0.001487778965383768,0.08841657638549805,0.06068012863397598,0.007863974198698997,0.0907013788819313,0.011105206795036793,0.11684378236532211,0.21344314515590668,0.011689691804349422,0.0015940489247441292,0.032252922654151917,0.05595111474394798,0.08623804152011871,0.031615301966667175,0.0731668472290039,0.037247609347105026,0.023645058274269104,0.0020722635090351105,0.0046758768148720264
53,E,0.035215575248003006,0.004892467521131039,0.04245235025882721,0.07471206039190292,0.01268983818590641,0.19569870829582214,0.008408928290009499,0.018550606444478035,0.18158189952373505,0.011466721072793007,0.001681785797700286,0.07252064347267151,0.06462134420871735,0.04887371137738228,0.05881153792142868,0.05218632146716118,0.09346652030944824,0.016817856580018997,0.0017837121849879622,0.0035674243699759245
54,A,0.08488726615905762,0.01549767516553402,0.044693294912576675,0.007498875260353088,0.013198019936680794,0.13213017582893372,0.02354646846652031,0.01609758473932743,0.11638253927230835,0.054141879081726074,0.0033994901459664106,0.05379193276166916,0.09878518432378769,0.02089686505496502,0.14557816088199615,0.07893815636634827,0.07768834382295609,0.010198470205068588,0.0012998050078749657,0.00134979747235775
55,T,0.01411189790815115,0.0030417870730161667,0.019597087055444717,0.021741298958659172,0.006482497323304415,0.16864466667175293,0.0027924603782594204,0.03630198538303375,0.10795851051807404,0.016355838626623154,0.002443402772769332,0.04866859316825867,0.09524284303188324,0.04069013521075249,0.10416874289512634,0.06293009221553802,0.2037000060081482,0.023586316034197807,0.0,0.021541837602853775
56,L,0.027028366923332214,0.018498314544558525,0.0,0.0,0.03635191544890404,0.00029756000731140375,0.0,0.2543642222881317,0.0,0.1574588418006897,0.03357468917965889,0.0,0.0,0.0,0.0,0.0,0.0074885934591293335,0.46384644508361816,0.0,0.0010910533601418138
57,V,0.08029522746801376,0.061967507004737854,0.0,0.0,0.052655041217803955,0.04542302340269089,0.0,0.08970675617456436,0.0,0.08510006219148636,0.001981375040486455,0.000544878130313009,0.0,0.0020804437808692455,0.0,0.022191401571035385,0.0147612439468503,0.5049039125442505,0.0,0.038389142602682114
58,V,0.004359025042504072,0.0,0.0,0.0,0.020259561017155647,0.0009411531500518322,0.0,0.44992074370384216,0.0,0.12170596420764923,0.0072320192120969296,0.0004953437601216137,0.0,0.0,0.0,0.001981375040486455,0.009262928739190102,0.383841872215271,0.0,0.0
59,G,0.12911543250083923,0.0039666797965765,0.0,0.0,0.00039666797965765,0.8069714307785034,0.0038675128016620874,0.0,0.0,0.0,0.0,0.0026775088626891375,0.0,0.0,0.0,0.05260809138417244,0.0,0.00039666797965765,0.0,0.0
60,G,0.004213761538267136,0.024439817294478416,0.0,0.0,0.11550664156675339,0.11515963077545166,0.08977790921926498,0.026274044066667557,0.09463612735271454,0.034404125064611435,0.011996827088296413,0.004610350821167231,0.0,0.004065040498971939,0.16612136363983154,0.038717035204172134,0.0016855046851560473,0.00034701565164141357,0.015962719917297363,0.25208207964897156
61,D,0.0,0.0,0.9983134269714355,0.0,0.0,0.0,0.0,0.0,0.0,0.0,0.0,0.0,0.0,0.0,0.0,0.0,0.0016865915386006236,0.0,0.0,0.0
62,G,0.12751710414886475,0.009225275367498398,0.001438349368982017,0.015474655665457249,0.0070429518818855286,0.21580199897289276,0.03447078540921211,0.008878087624907494,0.0,0.029858149588108063,0.015970638021826744,0.02683265507221222,0.020632874220609665,0.009870052337646484,0.01656581647694111,0.1001884713768959,0.28439638018608093,0.059666700661182404,0.00317428819835186,0.012994742952287197
63,R,0.0016823355108499527,0.0,0.0015338941011577845,0.0010885699884966016,0.0011875309282913804,0.0007916872855275869,0.07966352999210358,0.0,0.0,0.0,0.0,0.0027214251458644867,0.0,0.0009896090487018228,0.889955461025238,0.015141019597649574,0.002177139976993203,0.0,0.0,0.003067788202315569
64,F,0.11807026714086533,0.013206524774432182,0.01241807546466589,0.01335435826331377,0.11698615550994873,0.009707780554890633,0.11491647362709045,0.05795101821422577,0.01394569594413042,0.1072290912270546,0.0005913369241170585,0.075247623026371,0.1155078113079071,0.0014783423393964767,0.04183708503842354,0.017000935971736908,0.014734144322574139,0.03148869052529335,0.0,0.12432858347892761
65,Y,0.01823095791041851,0.0019656019285321236,0.040638819336891174,0.002211302286013961,0.07454545795917511,0.04466830566525459,0.05999999865889549,0.004520884715020657,0.020393120124936104,0.10928747057914734,0.011793611571192741,0.08132678270339966,0.0013267813483253121,0.005601965822279453,0.02466830424964428,0.3537100851535797,0.08265355974435806,0.005798525642603636,0.0007862407946959138,0.05587223544716835
66,M,0.04521328955888748,0.013416551984846592,0.0,0.0007863180944696069,0.0,0.20906232297420502,0.0009337526862509549,0.0,0.0,0.007666601333767176,0.008256339468061924,0.10217220336198807,0.001130332238972187,0.0,0.0,0.597994863986969,0.008158049546182156,0.005209357012063265,0.0,0.0
67,K,0.048260271549224854,0.001277766888961196,0.06551012396812439,0.14586199820041656,0.012925103306770325,0.016168665140867233,0.023736976087093353,0.056320030242204666,0.14487910270690918,0.01567721553146839,0.002358954166993499,0.027914291247725487,0.11534303426742554,0.0703754648566246,0.10079614818096161,0.026046786457300186,0.02521132305264473,0.0147926090285182,0.0,0.08654413372278214
68,E,0.09126633405685425,0.0016209844034165144,0.06483937799930573,0.17447686195373535,0.012034581042826176,0.013508203439414501,0.04784359782934189,0.03330386057496071,0.03723352029919624,0.025248060002923012,0.108311228454113,0.01149425283074379,0.06370960175991058,0.03335298225283623,0.10580607503652573,0.041949111968278885,0.07481088489294052,0.04646822065114975,0.001768346643075347,0.010953924618661404
69,A,0.17432723939418793,0.0003437438572291285,0.0,0.0,0.3048025965690613,0.0003437438572291285,0.0,0.14417599141597748,0.0,0.3024945855140686,0.012718522921204567,0.0016205067513510585,0.0,0.0,0.0,0.001178550417535007,0.0,0.028579846024513245,0.002209781901910901,0.02720487117767334
70,I,0.41949424147605896,0.01252148300409317,0.0,0.10552418231964111,0.0233734343200922,0.015222194604575634,0.00613798201084137,0.07311563938856125,0.08661919832229614,0.03947949782013893,0.008347655646502972,0.04399705305695534,0.002700712066143751,0.01463294867426157,0.005499631632119417,0.04409526288509369,0.02032899670302868,0.04458630084991455,0.013208936899900436,0.021114656701683998
71,Q,0.10622207075357437,0.008102932013571262,0.02863035909831524,0.18455040454864502,0.011196778155863285,0.015174581669270992,0.028433924540877342,0.020232774317264557,0.09050729125738144,0.05195698142051697,0.01267003919929266,0.08638216555118561,0.01178608275949955,0.12591464817523956,0.07042184472084045,0.06870304048061371,0.04022000730037689,0.011294995434582233,0.0008348475093953311,0.02676422894001007
72,L,0.2894749641418457,0.0016698590479791164,0.06114630773663521,0.05186385661363602,0.0009822699939832091,0.0024556750431656837,0.004371101502329111,0.1550513207912445,0.021069692447781563,0.12730219960212708,0.0006384755251929164,0.025440793484449387,0.0005893619963899255,0.00947890616953373,0.006090074311941862,0.09537842124700546,0.06094985455274582,0.05697166174650192,0.020185649394989014,0.008889543823897839
73,I,0.1426469087600708,0.027469832450151443,0.0,0.0,0.0530756413936615,0.0033356223721057177,0.0,0.1800745576620102,0.0009320121607743204,0.24570783972740173,0.01643284596502781,0.0,0.0,0.0,0.0,0.053958598524332047,0.14926910400390625,0.127097025513649,0.0,0.0
74,V,0.39158132672309875,0.014651834964752197,0.0,0.053119026124477386,0.012642720714211464,0.01053560059517622,0.0001960111694643274,0.18836674094200134,0.005978340748697519,0.08595089614391327,0.01171166729182005,0.0032341843470931053,0.0,0.012152692303061485,0.003381192684173584,0.043612487614154816,0.06355662643909454,0.09731955081224442,0.0,0.002009114483371377
75,R,0.23125886917114258,0.006708123255521059,0.03760465979576111,0.18381236493587494,0.005239190999418497,0.03016207180917263,0.004945404827594757,0.0032806149683892727,0.1137932687997818,0.03877980634570122,0.0007834304706193507,0.03290407732129097,0.01101699098944664,0.0731528177857399,0.08235812932252884,0.10120942443609238,0.03682123124599457,0.00386818777769804,0.0,0.0023013269528746605
76,I,0.09717486798763275,0.0,0.0012177301105111837,0.0018509498331695795,0.011008280329406261,0.2872381806373596,0.010716025717556477,0.1233317106962204,0.0,0.015343399718403816,0.0540672205388546,0.0003409644414205104,0.0009254749165847898,0.0,0.0,0.05148563161492348,0.052800778299570084,0.29249876737594604,0.0,0.0
77,A,0.1325283646583557,0.010516578331589699,0.0,0.0,0.1865718811750412,0.010613953694701195,0.0,0.05896100029349327,0.0,0.532888650894165,0.027362577617168427,0.0,0.0,0.0,0.0,0.007741370238363743,0.004479283466935158,0.027557330206036568,0.0,0.0007790058152750134
78,A,0.28872451186180115,0.01425860170274973,0.0,0.007056304253637791,0.0,0.014063945040106773,0.02593800239264965,0.11285220831632614,0.026132658123970032,0.13990949094295502,0.03129106014966965,0.06014891341328621,0.0011192759266123176,0.021217577159404755,0.02827388234436512,0.05674242228269577,0.11173292994499207,0.05800768733024597,0.0,0.002530536847189069
79,A,0.3654809892177582,0.04744294658303261,0.07547078281641006,0.028806384652853012,0.018879860639572144,0.09425332397222519,0.00627706665545702,0.0,0.010169821791350842,0.03065544180572033,0.0002432971668895334,0.01683616451919079,0.00043793488293886185,0.04140917584300041,0.02097221463918686,0.19288599491119385,0.04301493987441063,0.002530290512368083,0.0,0.0042333705350756645
80,N,0.18752433359622955,0.028513040393590927,0.00175165431573987,0.03731996938586235,0.01479174755513668,0.02408524788916111,0.04218567535281181,0.009488128125667572,0.0357142873108387,0.08028415590524673,0.029340209439396858,0.24824833869934082,0.0,0.056928765028715134,0.060286104679107666,0.058680418878793716,0.04398598521947861,0.03191903606057167,0.0,0.00895289983600378
81,G,0.004379136022180319,0.0,0.0645679235458374,0.012407551519572735,0.00097314128652215,0.7735500335693359,0.0,0.0,0.028853639960289,0.0,0.0,0.08388478308916092,0.0,0.02028999663889408,0.0008271700935438275,0.010266641154885292,0.0,0.0,0.0,0.0
82,I,0.046147868037223816,0.07339939475059509,0.0,0.018847759813070297,0.07820849120616913,0.019624987617135048,0.008112309500575066,0.2849995195865631,0.005003400146961212,0.08180316537618637,0.03594676032662392,0.0,0.0,0.0,0.013407169841229916,0.0053920140489935875,0.006995045114308596,0.29490914940834045,0.0028174486942589283,0.02438550442457199
83,G,0.008741683326661587,0.0,0.1556505262851715,0.10562866926193237,0.0009712981409393251,0.05429556593298912,0.05405274033546448,0.004467971622943878,0.16055558621883392,0.012092662043869495,0.0015540770255029202,0.08697974681854248,0.09105920046567917,0.04594240337610245,0.05900636315345764,0.05536399409174919,0.05167306214570999,0.006119178142398596,0.0,0.04584527388215065
84,R,0.09542762488126755,0.0066498396918177605,0.0016503252554684877,0.005970294121652842,0.0025240269023925066,0.00029123385320417583,0.00470828078687191,0.05101446434855461,0.07640034705400467,0.016017861664295197,0.0,0.0039316569454967976,0.03276380896568298,0.000873701588716358,0.06999320536851883,0.02203669585287571,0.021794000640511513,0.5879526138305664,0.0,0.0
85,L,0.007403464522212744,0.04611439257860184,0.003435594728216529,0.008177682757377625,0.065421462059021,0.0009193844744004309,0.049066100269556046,0.18605439364910126,0.03556566312909126,0.16573114693164825,0.018532855436205864,0.0005806639092043042,0.0,0.01679086498916149,0.059034161269664764,0.011274557560682297,0.023516887798905373,0.11889093369245529,0.019645795226097107,0.16384398937225342
86,V,0.002517550252377987,0.009295569732785225,0.14567901194095612,0.006293875630944967,0.054369401186704636,0.0002420721430098638,0.029581215232610703,0.13159041106700897,0.010941660962998867,0.2656015455722809,0.01355603989213705,0.057274267077445984,0.0007746308110654354,0.045267488807439804,0.022319050505757332,0.008763011544942856,0.010554345324635506,0.10539820790290833,0.035100460052490234,0.04488017410039902
87,I,0.052338529378175735,0.02415996976196766,0.019608791917562485,0.00305025652050972,0.17091120779514313,0.0018882540753111243,0.0007746683550067246,0.17154061794281006,0.0,0.22116781771183014,0.01191052608191967,0.05161228030920029,0.0026145055890083313,0.03955650329589844,0.0,0.02725864201784134,0.037426166236400604,0.12138084322214127,0.001065168995410204,0.04173525795340538
88,G,0.07365740090608597,0.0,0.04372744634747505,0.07938866317272186,0.0,0.47909149527549744,0.003184037283062935,0.0,0.05009552091360092,0.0010613457998260856,0.0,0.03799618035554886,0.024623222649097443,0.08533219993114471,0.01167480368167162,0.04224156215786934,0.06792613118886948,0.0,0.0,0.0
89,Q,0.031795404851436615,0.0,0.12770001590251923,0.05667876452207565,0.012614481151103973,0.020044928416609764,0.030931398272514343,0.0062208399176597595,0.04993952065706253,0.07033005356788635,0.0,0.22429583966732025,0.0,0.2790737748146057,0.06048038601875305,0.006566442083567381,0.012960082851350307,0.010368065908551216,0.0,0.0
90,N,0.016124946996569633,0.001013085711747408,0.1680033802986145,0.05116082727909088,0.01629379577934742,0.046264246106147766,0.011566061526536942,0.07648797333240509,0.05740818753838539,0.0018573238048702478,0.0032081047538667917,0.18227100372314453,0.1171802431344986,0.017644574865698814,0.04119881987571716,0.1615871638059616,0.015365133062005043,0.005909666419029236,0.00033769523724913597,0.009117770940065384
91,G,0.00973459891974926,0.0030027120374143124,0.076908178627491,0.056567221879959106,0.0,0.6051917672157288,0.010073615238070488,0.0010654785437509418,0.031189462170004845,0.0009686168050393462,0.0,0.012301433831453323,0.0004358775622677058,0.01075164694339037,0.051288262009620667,0.042619138956069946,0.07826423645019531,0.006392871029675007,0.0,0.003244866384193301
92,I,0.04369284212589264,0.02404799871146679,0.007596651557832956,0.012096579186618328,0.07107950001955032,0.002516088541597128,0.000532249454408884,0.12207867950201035,0.00556442653760314,0.21860937774181366,0.04432186484336853,0.007838583551347256,0.1500459611415863,0.018193254247307777,0.004887017887085676,0.008564378134906292,0.007838583551347256,0.11936904489994049,0.003870905376970768,0.12725600600242615
93,L,0.11481034010648727,0.03140855208039284,0.0,0.011403720825910568,0.007393090054392815,0.013723121955990791,0.0004348876536823809,0.11427880823612213,0.005556897725909948,0.20744140446186066,0.052428122609853745,0.0027542884927242994,0.0,0.0011113795917481184,0.04228074476122856,0.045373279601335526,0.1549166440963745,0.194684699177742,0.0,0.0
94,S,0.045184362679719925,0.0002899531100410968,0.0,0.0,0.0038660415448248386,0.03382786363363266,0.037210650742053986,0.0022229738533496857,0.0,0.019716812297701836,0.0027062292210757732,0.0,0.5310974717140198,0.0,0.0,0.18320204317569733,0.12912578880786896,0.01154979970306158,0.0,0.0
95,T,0.014178924262523651,0.0,0.0,0.0,0.0,0.0,0.0,0.03930552303791046,0.0,0.02720038592815399,0.004147576633840799,0.0,0.0,0.0009163250797428191,0.0017361948266625404,0.015336387790739536,0.8942850232124329,0.002893658122047782,0.0,0.0
96,P,0.012784022837877274,0.0,0.015775000676512718,0.037338994443416595,0.0,0.004824159201234579,0.0,0.0,0.0,0.0,0.0,0.0079116215929389,0.8913117051124573,0.0020743885543197393,0.0,0.00545130018144846,0.02252882346510887,0.0,0.0,0.0
97,A,0.30032747983932495,0.04392217472195625,0.0010113657917827368,0.104026198387146,0.06414949148893356,0.0477268360555172,0.0005779233179055154,0.0364091694355011,0.0,0.10537468641996384,0.08654402196407318,0.0,0.0,0.01854170672595501,0.0,0.01854170672595501,0.026151031255722046,0.13200731575489044,0.0006260835798457265,0.014062801375985146
98,V,0.0563305988907814,0.03753775358200073,0.0,0.0016299918061122298,0.00848554540425539,0.00848554540425539,0.002492928644642234,0.15134954452514648,0.0,0.24315643310546875,0.0966009870171547,0.0031641018576920033,0.0,0.0009108777740038931,0.0,0.004314684309065342,0.015964331105351448,0.36871373653411865,0.0,0.000862936838530004
99,S,0.19069722294807434,0.0014356127940118313,0.00014356127940118313,0.012154854834079742,0.024501124396920204,0.02000287175178528,0.06742594391107559,0.002966932952404022,0.0009570751572027802,0.01918935775756836,0.012059147469699383,0.001148490235209465,0.11652390658855438,0.013399052433669567,0.033928316086530685,0.3268890380859375,0.013064076192677021,0.02124706842005253,0.0,0.12226635217666626
100,C,0.07919038832187653,0.042729318141937256,0.0,0.0008134360541589558,0.4156658351421356,0.0013397770235314965,0.0839274600148201,0.0029187998734414577,0.0,0.026604143902659416,0.03488205000758171,0.02641274780035019,0.0,0.018469782546162605,0.007225226145237684,0.01526388805359602,0.009521986357867718,0.0037322361022233963,0.025120818987488747,0.2061821073293686
101,I,0.43131157755851746,0.006935807876288891,0.004257150925695896,0.0059313117526471615,0.013249784708023071,0.037453360855579376,0.0026786569505929947,0.06400076299905777,0.007509805727750063,0.16923370957374573,0.020472591742873192,0.002152492059394717,0.0,0.008992633782327175,0.002008992712944746,0.04673299565911293,0.04477183520793915,0.04912465438246727,0.023725247010588646,0.05945661664009094
102,I,0.1096334457397461,0.0047666714526712894,0.010582010261714458,0.0011440011439844966,0.0,0.0030506697949022055,0.0,0.3040659725666046,0.0,0.05181371793150902,0.004337671212852001,0.013203679583966732,0.00023833356681279838,0.014252347871661186,0.00028600028599612415,0.024310024455189705,0.1878068596124649,0.27050861716270447,0.0,0.0
103,R,0.024735767394304276,0.0023092636838555336,0.02895461395382881,0.039923615753650665,0.031885601580142975,0.024424904957413673,0.009459099732339382,0.017985612154006958,0.17070788145065308,0.08366639912128448,0.018074428662657738,0.03890221193432808,0.018340883776545525,0.04942712560296059,0.2990052402019501,0.053956832736730576,0.022337686270475388,0.018918199464678764,0.006128430366516113,0.04085620492696762
104,K,0.06704358011484146,0.0029826825484633446,0.025864755734801292,0.07737167924642563,0.05627031251788139,0.012153319083154202,0.14833281934261322,0.006098918151110411,0.16360236704349518,0.02341628447175026,0.005520188715308905,0.06259182095527649,0.004807906225323677,0.07670391350984573,0.05435605347156525,0.058941371738910675,0.0779949277639389,0.019721319898962975,0.0009348706807941198,0.05529092252254486
105,I,0.02188272215425968,0.002651089569553733,0.007998202927410603,0.02812851034104824,0.08609301596879959,0.00691979331895709,0.04430465027689934,0.0419231615960598,0.016445742920041084,0.3432936370372772,0.040934622287750244,0.01352505013346672,0.0016176140634343028,0.010424623265862465,0.05441473796963692,0.044978655874729156,0.09292294085025787,0.012221972458064556,0.00233655353076756,0.1269827038049698
106,K,0.00804466288536787,0.0013187972363084555,0.057059962302446365,0.05420256778597832,0.0,0.21276596188545227,0.015166168101131916,0.0027255143504589796,0.2540443241596222,0.0,0.00870406161993742,0.18476349115371704,0.0032969932071864605,0.07543520629405975,0.0875241756439209,0.022199753671884537,0.0036047124303877354,0.0002637594589032233,0.0,0.008879901841282845
107,A,0.42245715856552124,0.11875931173563004,0.021330105140805244,0.004750372376292944,0.00908159464597702,0.006100968923419714,0.0014437406789511442,0.006007824093103409,0.01308681070804596,0.14204545319080353,0.004377794452011585,0.002095752628520131,0.010618479922413826,0.007265275809913874,0.0036792100872844458,0.0760059580206871,0.04126304015517235,0.053232114762067795,0.0,0.05639903247356415
108,I,0.1960662454366684,0.030590951442718506,0.18421170115470886,0.01949118636548519,0.02215513028204441,0.07188207656145096,0.011366158723831177,0.052124496549367905,0.03250011056661606,0.03902677446603775,0.01243173610419035,0.01989077776670456,0.009545797482132912,0.024907872080802917,0.015184477902948856,0.09163966029882431,0.09843271225690842,0.05998312681913376,0.0005771877476945519,0.007991830818355083
109,G,0.2797318398952484,0.04644785076379776,0.06586278975009918,0.0,0.006616750732064247,0.308114230632782,0.022113878279924393,0.07417725771665573,0.01715131476521492,0.061683788895606995,0.008314469829201698,0.002307156566530466,0.0311683788895607,0.0,0.000348250032402575,0.02485634759068489,0.007487375754863024,0.0389169417321682,0.0,0.004701375495642424
110,G,0.08194953948259354,0.013327582739293575,0.0,0.0,0.012551218271255493,0.8279922604560852,0.0,0.003321112832054496,0.0,0.00025878800079226494,0.0011645460035651922,0.002199698006734252,0.0,0.0,0.0,0.0473150759935379,0.0,0.009920206852257252,0.0,0.0
111,I,0.041197698563337326,0.018128706142306328,0.0,0.0,0.04003780335187912,0.00021479508723132312,0.0,0.459489643573761,0.0,0.0646962821483612,0.0025775409303605556,0.0,0.0,0.0,0.0,0.0,0.0,0.3736575245857239,0.0,0.0
112,I,0.006212244741618633,0.003170386888086796,0.0016708795446902514,0.037787582725286484,0.0,0.0005998029373586178,0.0204789862036705,0.15890492498874664,0.0,0.015423503704369068,0.48078489303588867,0.012724390253424644,0.0,0.01730859838426113,0.0,0.0009425474563613534,0.0034702883567661047,0.20033417642116547,0.0,0.040186796337366104
113,L,0.005694712046533823,0.0,0.0,0.0,0.02350674383342266,0.0,0.0,0.4046242833137512,0.0,0.1316206306219101,0.018068935722112656,0.0,0.00025690431357361376,0.0,0.00025690431357361376,0.0,0.002868764800950885,0.4131021201610565,0.0,0.0
114,T,0.00047095087938942015,0.0,0.007920538075268269,0.0022691269405186176,0.0,0.0,0.0008562743314541876,0.0,0.0026544504798948765,0.0,0.0,0.0,0.000770646904129535,0.0,0.021107163280248642,0.13482040166854858,0.827631950378418,0.0,0.0,0.0014984800945967436
115,A,0.808844268321991,0.0014954069629311562,0.0,0.0035462507512420416,0.0,0.08006836473941803,0.0,0.004229865502566099,0.0,0.0045716725289821625,0.0014526810264214873,0.0,0.07096774131059647,0.0017090365290641785,0.011151463724672794,0.006195257417857647,0.003759880317375064,0.0020081179682165384,0.0,0.0
116,S,0.0009484394104219973,0.00012933264952152967,0.0036644248757511377,0.003147094277665019,0.0008622176246717572,0.0037075357977300882,0.003448870498687029,0.0010346611961722374,0.0021986549254506826,0.0007328849751502275,0.0007328849751502275,0.0017244352493435144,0.0,0.0,0.002155544003471732,0.969908595085144,0.005087084136903286,0.0,0.0005173305980861187,0.0
117,H,0.0012086678761988878,0.0,0.0024173357523977757,0.004964171443134546,0.0,0.0015108347870409489,0.9641716480255127,0.0,0.002978503005579114,0.0006043339380994439,0.0,0.0010791677050292492,0.011482344940304756,0.0018130018142983317,0.0031511697452515364,0.001985668670386076,0.0,0.0,0.0,0.0026331692934036255
118,N,0.002996447030454874,0.01005950104445219,0.013997688889503479,0.0017978682881221175,0.0009845468448475003,0.0035101238172501326,0.0015838362742215395,0.03698471933603287,0.0,0.030306922271847725,0.0,0.8522751331329346,0.0,0.0010273532243445516,0.002268738579005003,0.026026282459497452,0.0021831258200109005,0.013997688889503479,0.0,0.0
119,P,0.023337472230196,0.003896715585142374,0.017128420993685722,0.012418104335665703,0.001798484125174582,0.005780841689556837,0.0004282105073798448,0.0,0.0006851368234492838,0.002783368341624737,0.0002997473638970405,0.005224168300628662,0.8720934987068176,0.0024836210068315268,0.029674988240003586,0.008906778879463673,0.006594441831111908,0.0026549051981419325,0.0008564210147596896,0.0029546525329351425
120,G,0.10439208149909973,0.030791601166129112,0.006201086100190878,0.06496172398328781,0.05897446721792221,0.11226104199886322,0.00970790721476078,0.05251678451895714,0.14134199917316437,0.002181071788072586,0.030278407037258148,0.015096437186002731,0.21177779138088226,0.004105546977370977,0.030278407037258148,0.020784329622983932,0.0,0.03570970520377159,0.0,0.0686396136879921
121,G,0.04090560972690582,0.01017171610146761,0.14459149539470673,0.24444930255413055,0.0,0.3179481625556946,0.002296839142218232,0.00699989078566432,0.01137482188642025,0.014327901415526867,0.006781144067645073,0.06310839205980301,0.02078092470765114,0.0532647930085659,0.005906157661229372,0.004374931566417217,0.005796784535050392,0.03729629144072533,0.0,0.009624850004911423
122,P,0.0,0.0,0.010705352760851383,0.0006003001471981406,0.023011505603790283,0.0240120068192482,0.0,0.1320660263299942,0.011505752801895142,0.0016008004313334823,0.0,0.0,0.20950475335121155,0.0,0.0011005502892658114,0.0051025510765612125,0.0,0.006103051360696554,0.0,0.5746873617172241
123,N,0.011728258803486824,0.003983181901276112,0.055985838174819946,0.06350962817668915,0.0,0.06030094996094704,0.0032086744904518127,0.007413144689053297,0.023567160591483116,0.011064394377171993,0.0,0.6934056282043457,0.0,0.009072803892195225,0.0,0.018920114263892174,0.03009515441954136,0.003540606237947941,0.004204470198601484,0.0
124,G,0.04619225859642029,0.005277493968605995,0.11451594531536102,0.22920213639736176,0.001645670155994594,0.10997616499662399,0.01634320802986622,0.0024968788493424654,0.02275564707815647,0.009136307053267956,0.012881625443696976,0.10413119941949844,0.014640789479017258,0.11292701959609985,0.03404834866523743,0.05742821469902992,0.050164565443992615,0.01821586675941944,0.0013619340024888515,0.036658722907304764
125,D,0.005146185401827097,0.0,0.7266300916671753,0.06972798705101013,0.0027710229624062777,0.0,0.01385511551052332,0.004976531025022268,0.013289600610733032,0.0019227506127208471,0.0,0.0025448170490562916,0.0,0.0025448170490562916,0.06718316674232483,0.01108409184962511,0.0,0.024373691529035568,0.05395011976361275,0.0
126,F,0.0012959206942468882,0.004620238672941923,0.0,0.0,0.12632408738136292,0.08744647353887558,0.0,0.010367365553975105,0.0,0.046202387660741806,0.0019157087663188577,0.6521298289299011,0.0,0.0051273382268846035,0.0,0.022368717938661575,0.024115392938256264,0.01267748512327671,0.005409060046076775,0.0
127,G,0.012791826389729977,0.00016886899538803846,0.039937518537044525,0.006754760164767504,0.0,0.9114704132080078,0.0014353864826261997,0.0,0.005277156364172697,0.009456664323806763,0.0,0.0036306835245341063,0.0,0.0,0.00443281140178442,0.0010554312029853463,0.0009287794819101691,0.0010976485209539533,0.001562038203701377,0.0
128,I,0.009972989559173584,0.00041554123163223267,0.0,0.03590276464819908,0.12977352738380432,0.0,0.0,0.3388323187828064,0.0,0.08946602791547775,0.04334095120429993,0.0,0.0,0.0,0.0,0.0,0.0,0.12960731983184814,0.0,0.22268855571746826
129,K,0.0,0.0017452732427045703,0.0023685849737375975,0.009515894576907158,0.0,0.0,0.001537502626888454,0.003407438285648823,0.9517556428909302,0.00851859524846077,0.0010804071789607406,0.0,0.0,0.004529399331659079,0.0013712861109524965,0.009972989559173584,0.0005817577475681901,0.003615208901464939,0.0,0.0
130,F,0.011788634583353996,0.00020754638535436243,0.0,0.0,0.20385205745697021,0.0017433896427974105,0.0,0.17604084312915802,0.0,0.1696484237909317,0.04698850214481354,0.0,0.004815076012164354,0.0,0.0,0.0,0.0014943339629098773,0.24681416153907776,0.021252749487757683,0.11535428464412689
131,N,0.0012470901710912585,0.017209842801094055,0.04393914341926575,0.00033255736343562603,0.1728466898202896,0.0445626862347126,0.0004572663747239858,0.04689059033989906,0.01978716254234314,0.05179581046104431,0.011306950822472572,0.17276355624198914,0.0,0.00020784835214726627,0.0020784835796803236,0.006900565233081579,0.00511306943371892,0.12154971808195114,0.0036581309977918863,0.27735283970832825
132,I,0.019668176770210266,0.011393405497074127,0.14275021851062775,0.013347748667001724,0.012640858069062233,0.09551332890987396,0.0009979625465348363,0.034679196774959564,0.05122874304652214,0.10611667484045029,0.03139423578977585,0.029730966314673424,0.0681525245308876,0.010437024757266045,0.05014761537313461,0.06964946538209915,0.05364048480987549,0.06836043298244476,0.10229115188121796,0.02785978652536869
133,S,0.13459861278533936,0.0014120187843218446,0.0275343656539917,0.14481498301029205,0.001910378341563046,0.08318451792001724,0.019560612738132477,0.004734416026622057,0.05307529494166374,0.006229494698345661,0.0,0.06798455119132996,0.20972631871700287,0.05780971050262451,0.022883009165525436,0.12164126336574554,0.02230159007012844,0.017650235444307327,0.00033223972423002124,0.002616387791931629
134,N,0.036140087991952896,0.0,0.17676767706871033,0.021568140015006065,0.012916045263409615,0.0932687520980835,0.07666832208633423,0.0014489153400063515,0.04019705206155777,0.02343103103339672,0.03382182493805885,0.2908594012260437,0.0018214936135336757,0.01279185339808464,0.04023845121264458,0.06528398394584656,0.04003146290779114,0.00028978308546356857,0.0014075178187340498,0.031048186123371124
135,G,0.05170118808746338,0.0,0.005739955231547356,0.015556110069155693,0.0,0.8482239246368408,0.0008734714356251061,0.0003743449051398784,0.017427833750844002,0.00033275102032348514,0.0011646285420283675,0.0016221612459048629,0.007819648832082748,0.01888361945748329,0.0025788203347474337,0.025705017149448395,0.0016637550434097648,0.00033275102032348514,0.0,0.0
136,G,0.15618203580379486,0.04266354441642761,0.0038480842486023903,0.10356365889310837,0.022042831405997276,0.29270535707473755,0.007696168497204781,0.026601973921060562,0.011711561121046543,0.033043332397937775,0.008700016885995865,0.004684624262154102,0.008156266063451767,0.010414923541247845,0.08553621917963028,0.06420444697141647,0.08327756077051163,0.01961686462163925,0.0,0.015350510366261005
137,P,0.01882687583565712,0.0012551250401884317,0.017613587900996208,0.00769810052588582,0.028072964400053024,0.004769475199282169,0.0,0.033344488590955734,0.09810894727706909,0.041042592376470566,0.0950966477394104,0.012551250867545605,0.2852899432182312,0.2529076933860779,0.0005857250653207302,0.020876914262771606,0.04279976710677147,0.03819764032959938,0.0004602125263772905,0.0005020500393584371
138,A,0.17759357392787933,0.0,0.004521477036178112,0.008121912367641926,0.025831030681729317,0.007368332706391811,0.009168550372123718,0.2461274415254593,0.0,0.34660470485687256,0.03541823476552963,0.00343297328799963,0.0014652934623882174,0.0,0.00016746211622375995,0.047852300107479095,0.02516118250787258,0.04404253512620926,0.0025956628378480673,0.014527338556945324
139,P,0.07093003392219543,0.0008829465368762612,0.0730743333697319,0.07475613802671432,0.00777833815664053,0.056929029524326324,0.004372687544673681,0.08505718410015106,0.0579381100833416,0.04675412178039551,0.015178271569311619,0.04759502038359642,0.12937268614768982,0.04309619963169098,0.002648839494213462,0.14379414916038513,0.03805078938603401,0.0850992277264595,0.0,0.016691893339157104
140,E,0.0695890411734581,0.02942044287919998,0.12172813713550568,0.15645943582057953,0.0013487881515175104,0.0727924108505249,0.0032033720053732395,0.002065331907942891,0.023856692016124725,0.004552160389721394,0.004847207572311163,0.00358271854929626,0.19051633775234222,0.08198103308677673,0.019051633775234222,0.1213487908244133,0.07903055846691132,0.011506848968565464,0.0007586933788843453,0.002360379323363304
141,A,0.10230006277561188,0.0,0.1901244968175888,0.1442076414823532,0.0016037138411775231,0.024815361946821213,0.003924878779798746,0.004726735409349203,0.043637897819280624,0.0016459168400615454,0.0016037138411775231,0.031272418797016144,0.25326019525527954,0.027347542345523834,0.009664486162364483,0.09483013302087784,0.03456425294280052,0.026883307844400406,0.0,0.0035872547887265682
142,I,0.06558831036090851,0.0027029309421777725,0.027198243886232376,0.07069853693246841,0.06313877552747726,0.002871864242479205,0.11048230528831482,0.15993750095367432,0.026733675971627235,0.061829544603824615,0.020229749381542206,0.01000929158180952,0.0032097306102514267,0.03965706378221512,0.004350029397755861,0.011529689654707909,0.06550384312868118,0.11120027303695679,0.12889602780342102,0.014232620596885681
143,T,0.056624848395586014,0.007905138656497002,0.21300910413265228,0.27616429328918457,0.0006874033133499324,0.01293177530169487,0.0,0.01593916490674019,0.011685856617987156,0.06019075587391853,0.020879875868558884,0.037420518696308136,0.00030073896050453186,0.07075957953929901,0.002921464154496789,0.012716962024569511,0.19139885902404785,0.008463653735816479,0.0,0.0
144,D,0.10284619778394699,8.90828887349926e-05,0.09955012798309326,0.07861565053462982,0.00877466518431902,0.04863926023244858,0.006503051146864891,0.04066634178161621,0.17166273295879364,0.02405238151550293,0.02088993787765503,0.0749187096953392,0.05745846405625343,0.04503140226006508,0.09033004939556122,0.05447418987751007,0.04574406519532204,0.02748207189142704,0.0,0.0022716138046234846
145,K,0.10851054638624191,0.0,0.05340377986431122,0.19876861572265625,0.008427579887211323,0.08357713371515274,0.020654119551181793,0.042661894112825394,0.10606523603200912,0.08755075931549072,0.005239945836365223,0.018339810892939568,0.014235186390578747,0.04436487331986427,0.030741015449166298,0.047290511429309845,0.01908213645219803,0.022226104512810707,0.0347583070397377,0.05410243943333626
146,I,0.07572069019079208,0.021225709468126297,0.0,0.0,0.03211616352200508,0.0006833226652815938,0.0008114456431940198,0.6425368189811707,0.0009395686793141067,0.09412769228219986,0.014307067729532719,0.0,0.0005124919698573649,0.0,0.0021780908573418856,0.00021353832562454045,0.0,0.08960068225860596,0.0,0.02502669207751751
147,F,0.11819389462471008,0.007668251637369394,0.014008481986820698,0.24071456491947174,0.04134001582860947,0.006725784856826067,0.005483442451804876,0.05551985651254654,0.02317611314356327,0.04481000825762749,0.014950948767364025,0.013922803103923798,0.0009853061055764556,0.11305316537618637,0.022619200870394707,0.058904167264699936,0.1277470737695694,0.01657884567975998,0.009724542498588562,0.0638735368847847
148,Q,0.1579577475786209,0.015180022455751896,0.0891559049487114,0.13649192452430725,0.0006841699942015111,0.0280937310308218,0.015180022455751896,0.0017104250146076083,0.10976652801036835,0.001667664386332035,0.0006841699942015111,0.08239972591400146,0.00034208499710075557,0.16073718667030334,0.09462926536798477,0.07688360661268234,0.020482338964939117,0.005131274927407503,0.0,0.002822201233357191
149,I,0.08909710496664047,0.04301533102989197,0.004557069856673479,0.05570698529481888,0.0514480397105217,0.00672913109883666,0.061030663549900055,0.09084326773881912,0.037137988954782486,0.19160987436771393,0.034284498542547226,0.031132878735661507,0.0007666098535992205,0.04655025526881218,0.09501703828573227,0.049148209393024445,0.027896082028746605,0.05336456373333931,0.0012776831863448024,0.02938671223819256
150,S,0.26312440633773804,0.0022050717379897833,0.0008905096910893917,0.0003816470270976424,0.040284961462020874,0.0011449410812929273,0.00033924178569577634,0.31418031454086304,0.002459503011777997,0.08201170712709427,0.034221015870571136,0.0,0.001060130656696856,0.0050462218932807446,0.0029259605798870325,0.07272496074438095,0.0495293028652668,0.1089814230799675,0.0027139342855662107,0.015774743631482124
151,K,0.08125530183315277,0.0,0.08435114473104477,0.20483461022377014,0.024893978610634804,0.008269719779491425,0.020483460277318954,0.004410517401993275,0.08973706513643265,0.0625954195857048,0.009499575942754745,0.23965224623680115,0.00894826091825962,0.028413910418748856,0.039312977343797684,0.03358778730034828,0.027184054255485535,0.008439355529844761,0.001484308741055429,0.022646309807896614
152,T,0.22832530736923218,0.005458654835820198,0.04008699581027031,0.14367350935935974,0.0024308073334395885,0.01829502359032631,0.011642287485301495,0.007633587811142206,0.14183974266052246,0.017399461939930916,0.0035822424106299877,0.0613672211766243,0.001961704110726714,0.07706085592508316,0.05138811841607094,0.0797048881649971,0.08187982439994812,0.025246279314160347,0.0,0.0010234977817162871
153,I,0.06852085143327713,0.02107296884059906,0.018062544986605644,0.11951833218336105,0.01037922315299511,0.05634435638785362,0.017074046656489372,0.1550593078136444,0.021207764744758606,0.11466570943593979,0.002516175387427211,0.12612329423427582,0.04385334253311157,0.03684399649500847,0.041651688516139984,0.03203630447387695,0.018691588193178177,0.05796189606189728,0.0024263120722025633,0.03599029406905174
154,E,0.055831484496593475,0.0009312638430856168,0.09188470244407654,0.1312638521194458,0.004257206339389086,0.044922396540641785,0.0045232814736664295,0.028203990310430527,0.08988913893699646,0.1893569827079773,0.014811529777944088,0.0585365854203701,0.025188470259308815,0.03427937999367714,0.0247893575578928,0.10093126446008682,0.053658537566661835,0.03698447719216347,0.0,0.009756097570061684
155,E,0.06644769012928009,0.0,0.0934351310133934,0.2368946671485901,0.07536952197551727,0.026987439021468163,0.03133738785982132,0.041413288563489914,0.037817925214767456,0.01868702471256256,0.006214212626218796,0.021838519722223282,0.06347374618053436,0.10280083119869232,0.019086509943008423,0.083048515021801,0.05037951096892357,0.006480536423623562,0.0011096808593720198,0.01717785932123661
156,Y,0.07147280126810074,0.010393630713224411,0.06209641695022583,0.131225124001503,0.013356921263039112,0.02857142873108387,0.016850950196385384,0.09349845349788666,0.07567448168992996,0.020168067887425423,0.005661211907863617,0.04904909431934357,0.15634675323963165,0.03511720523238182,0.036444053053855896,0.035957541316747665,0.028350288048386574,0.026536930352449417,0.004245908930897713,0.09898275136947632
157,A,0.09244726598262787,0.001769108697772026,0.09104105085134506,0.03728736564517021,0.04758448526263237,0.054751645773649216,0.006622816901654005,0.0124744838103652,0.11671581119298935,0.09911544620990753,0.02222726307809353,0.037468813359737396,0.029666591435670853,0.06441369652748108,0.09634837508201599,0.029439782723784447,0.035881150513887405,0.030483102425932884,0.08682240545749664,0.007439328823238611
158,I,0.08602150529623032,0.008777705021202564,0.052007898688316345,0.027942359447479248,0.00789993442595005,0.03489137440919876,0.00475458987057209,0.13898032903671265,0.03350157290697098,0.17218931019306183,0.03650062158703804,0.08814278244972229,0.008192524313926697,0.04593665525317192,0.015141540206968784,0.08024284988641739,0.1266183853149414,0.014556360431015491,0.0005851802998222411,0.017116524279117584
159,C,0.14650766551494598,0.06186115741729736,0.0,0.0,0.05366269126534462,0.0014906303258612752,0.004684838000684977,0.22327512502670288,0.0012776831863448024,0.08038756251335144,0.007240204606205225,0.018739352002739906,0.05100085213780403,0.0023424190003424883,0.0029812606517225504,0.04940374940633774,0.06473594903945923,0.20432282984256744,0.0021294718608260155,0.023956559598445892
160,P,0.004829051438719034,0.0,0.1041143536567688,0.11811859905719757,0.0,0.0020282017067074776,0.011493142694234848,0.000579486193601042,0.09802974760532379,0.0,0.0026076878421008587,0.008595711551606655,0.43973344564437866,0.05321614816784859,0.02288970537483692,0.11280664801597595,0.020958084613084793,0.0,0.0,0.0
161,D,0.10518672317266464,0.0007261410937644541,0.10798755288124084,0.11701244860887527,0.015248962678015232,0.01493775937706232,0.035477180033922195,0.028423236683011055,0.039834026247262955,0.08755186945199966,0.0,0.057883817702531815,0.02022821642458439,0.06970954686403275,0.08402489870786667,0.055394191294908524,0.10881742835044861,0.01846473105251789,0.03132780268788338,0.0017634854884818196
162,L,0.04857274517416954,0.0,0.017610497772693634,0.04615561664104462,0.04696132615208626,0.02382596768438816,0.0006906077614985406,0.058816757053136826,0.016689686104655266,0.3333333432674408,0.022790055721998215,0.007021178491413593,0.16839317977428436,0.017265193164348602,0.008747697807848454,0.061003684997558594,0.08782228082418442,0.027048803865909576,0.00402854522690177,0.0032228361815214157
163,K,0.08718793839216232,0.0013939931523054838,0.06716512143611908,0.09884678572416306,0.006589785683900118,0.020909897983074188,0.04574831947684288,0.030667848885059357,0.13103535771369934,0.00608287937939167,0.0,0.09428463131189346,0.011912304908037186,0.06336332857608795,0.11924977600574493,0.18058547377586365,0.024204790592193604,0.00494233937934041,0.0,0.005829425994306803
164,V,0.06848374009132385,0.008131012320518494,0.0,0.0367613360285759,0.027714155614376068,0.030691709369421005,0.03344022110104561,0.12849290668964386,0.002061383333057165,0.0735226720571518,0.000687127816490829,0.036074209958314896,0.02370590902864933,0.0,0.06436096876859665,0.04054053872823715,0.04947320371866226,0.16949152946472168,0.13043975830078125,0.07592762261629105
165,D,0.05102843791246414,0.0,0.3337079882621765,0.07215915620326996,0.0,0.007081038784235716,0.05631111562252045,0.0020231539383530617,0.054400358349084854,0.002809935947880149,0.029897717759013176,0.13420253992080688,0.012363717891275883,0.014499269425868988,0.015173654071986675,0.0606946162879467,0.038664717227220535,0.0893559604883194,0.0,0.025626616552472115
166,L,0.02926045097410679,0.027438370510935783,0.041371919214725494,0.027438370510935783,0.016613075509667397,0.010075027123093605,0.0005359056522138417,0.1505894958972931,0.0019292604411020875,0.3485530614852905,0.012754554860293865,0.0,0.003215434029698372,0.0,0.0,0.01093247625976801,0.027867095544934273,0.16355840861797333,0.10075026750564575,0.02711682766675949
167,G,0.06930281221866608,0.0071800206787884235,0.22174817323684692,0.13808532059192657,0.0007284079329110682,0.05473465099930763,0.06732570379972458,0.0009365244768559933,0.04328824207186699,0.0009365244768559933,0.02570239268243313,0.1562955230474472,0.0017689906526356936,0.0012486992636695504,0.010509885847568512,0.15057231485843658,0.04287200793623924,0.0,0.0,0.006763787940144539
168,V,0.027808023616671562,0.0,0.06876622885465622,0.07178155332803726,0.029148170724511147,0.009548538364470005,0.012563866563141346,0.061646703630685806,0.1363598257303238,0.1678532510995865,0.0018427004106342793,0.023955104872584343,0.054778456687927246,0.035346344113349915,0.03132590651512146,0.13619230687618256,0.04883155971765518,0.08174888789653778,0.0,0.0005025546415708959
169,L,0.04100770875811577,0.035206232219934464,0.00381467049010098,0.010808233171701431,0.024318525567650795,0.031232615932822227,0.07224032282829285,0.2460462599992752,0.019868075847625732,0.14607009291648865,0.011444011703133583,0.0007152507314458489,0.003973615355789661,0.012874512933194637,0.012636096216738224,0.03194786608219147,0.0216959398239851,0.20456171035766602,0.016530239954590797,0.053008027374744415
170,G,0.022914979606866837,0.019433198496699333,0.20210526883602142,0.1437246948480606,0.02024291455745697,0.3740890622138977,0.0016194331692531705,0.006639676168560982,0.03684210404753685,0.019190283492207527,0.0012145749060437083,0.04113360494375229,0.004615384619683027,0.048178136348724365,0.004615384619683027,0.019757084548473358,0.017489878460764885,0.003724696347489953,0.0,0.012469635345041752
171,K,0.026327185332775116,0.0,0.04486013576388359,0.08010739088058472,0.0,0.014462631195783615,0.021131029352545738,0.008487053215503693,0.14843682944774628,0.0027712825685739517,0.0,0.1824716329574585,0.0044167316518723965,0.010825322940945625,0.06746341288089752,0.08149302750825882,0.0664241760969162,0.2398025393486023,0.0,0.000519615481607616
172,Q,0.020383693277835846,0.018285371363162994,0.030475620180368423,0.10761390626430511,0.023381294682621956,0.0029976018704473972,0.013489208184182644,0.07214228808879852,0.20493605732917786,0.03297362104058266,0.0062949638813734055,0.14008793234825134,0.014888089150190353,0.12569944560527802,0.0363709032535553,0.03976818546652794,0.06994404643774033,0.004996003117412329,0.0,0.0352717824280262
173,Q,0.09120137244462967,0.0,0.03215089440345764,0.07566177099943161,0.006858857348561287,0.004822634160518646,0.0577644407749176,0.03665202111005783,0.18079519271850586,0.005144143011420965,0.023362983018159866,0.11885114014148712,0.00042867858428508043,0.05765727162361145,0.1307469755411148,0.07180366665124893,0.09977494180202484,0.0031079198233783245,0.0,0.003215089440345764
174,F,0.0085607273504138,0.0020510077010840178,0.0,0.01854824274778366,0.24398073554039001,0.023185303434729576,0.0008025682182051241,0.17870518565177917,0.03254859894514084,0.07526306062936783,0.045657213777303696,0.024790439754724503,0.0,0.018637416884303093,0.010076689533889294,0.0689316913485527,0.02113429643213749,0.12386302649974823,0.07963260263204575,0.023631175979971886
175,D,0.05864633247256279,0.017038501799106598,0.12482349574565887,0.05375129356980324,0.0019768427591770887,0.054692648351192474,0.002824061084538698,0.09545326232910156,0.042455051094293594,0.009601807221770287,0.05836392566561699,0.10354890674352646,0.25294172763824463,0.027205120772123337,0.010166619904339314,0.0438670814037323,0.027675798162817955,0.005083309952169657,0.0002824061084538698,0.009601807221770287
176,L,0.021694855764508247,0.03329496085643768,0.0,0.002213760744780302,0.06154254823923111,0.001859558979049325,0.006552731618285179,0.15753121674060822,0.0,0.25847870111465454,0.0138138672336936,0.00371911795809865,0.06685557216405869,0.0004427521489560604,0.012219958938658237,0.0019481094786897302,0.11369875073432922,0.09032143652439117,0.0023908615112304688,0.15142123401165009
177,E,0.09908893704414368,0.0,0.06828633695840836,0.19644251465797424,0.0036442517302930355,0.043557483702898026,0.04633405804634094,0.07314533740282059,0.02316702902317047,0.020737526938319206,0.0,0.01093275472521782,0.07158351689577103,0.013449023477733135,0.07366594672203064,0.11999999731779099,0.08911062777042389,0.045553144067525864,0.00043383947922848165,0.0008676789584569633
178,N,0.06574682146310806,0.004072811920195818,0.05868173763155937,0.08062504976987839,0.002576676895841956,0.042639847844839096,0.08694206923246384,0.00764691224321723,0.11412185430526733,0.07322749495506287,0.0031585071701556444,0.08868755400180817,0.012052198871970177,0.05976228043437004,0.03898262977600098,0.18194663524627686,0.04895685985684395,0.021693957969546318,0.0029091513715684414,0.005568946711719036
179,K,0.24087636172771454,0.01569327339529991,0.03975629433989525,0.10123699903488159,0.0009231337462551892,0.04855683445930481,0.007692781277000904,0.00652347831055522,0.09975998848676682,0.011446857824921608,0.05532648041844368,0.0193858090788126,0.04369499534368515,0.06695796549320221,0.04824912175536156,0.08757462352514267,0.028370976448059082,0.02141670323908329,0.0004923379747197032,0.05606498941779137
180,F,0.09819027781486511,0.0019131334265694022,0.05992761254310608,0.13133402168750763,0.040847983211278915,0.05682523176074028,0.010392967611551285,0.010651499032974243,0.061944156885147095,0.1117890402674675,0.003774560522288084,0.1315925568342209,0.027197517454624176,0.02419855259358883,0.03324715793132782,0.10025852918624878,0.036504652351140976,0.0420372299849987,0.003877973183989525,0.013495346531271935
181,K,0.0786878913640976,0.01293829083442688,0.024866528809070587,0.0649319440126419,0.00524265319108963,0.1666586548089981,0.048242028802633286,0.029628204181790352,0.11495358496904373,0.10672887414693832,0.005098359659314156,0.020441537722945213,0.07767783850431442,0.04477899149060249,0.013659756630659103,0.08118897676467896,0.049733057618141174,0.041075464338064194,0.0009138569585047662,0.012553508393466473
182,P,0.04457767307758331,0.0009186288225464523,0.03142677620053291,0.03718029335141182,0.002030653180554509,0.14354784786701202,0.017550645396113396,0.01793743669986725,0.06672146171331406,0.15152540802955627,0.009379683993756771,0.059275735169649124,0.07798675447702408,0.03447275608778,0.06058115512132645,0.13107383251190186,0.06328868865966797,0.028187399730086327,0.0010636755032464862,0.02127351053059101
183,F,0.040459055453538895,0.0013129741419106722,0.02606496773660183,0.02562730945646763,0.10187706351280212,0.19096478819847107,0.04041042551398277,0.06778836995363235,0.0624392144382,0.105961874127388,0.048142384737730026,0.010406536050140858,0.017700836062431335,0.021056214347481728,0.04216105863451958,0.07644426822662354,0.05174090713262558,0.026356739923357964,0.03374829888343811,0.009336705319583416
184,T,0.06759636849164963,0.0012045960174873471,0.023952927440404892,0.07667716592550278,0.0310878437012434,0.04887880012392998,0.029975907877087593,0.04962008818984032,0.08946441859006882,0.10160303860902786,0.019690511748194695,0.0456356555223465,0.02543550729751587,0.03701816126704216,0.07121015340089798,0.09812824428081512,0.09164195507764816,0.05564307048916817,0.010934025049209595,0.024601556360721588
185,V,0.03993086516857147,0.0026147845201194286,0.08376174420118332,0.037537671625614166,0.022691011428833008,0.02047509327530861,0.013295515440404415,0.13415174186229706,0.05087750405073166,0.0743219256401062,0.006869349628686905,0.019721681252121925,0.020563729107379913,0.02366601675748825,0.0744105651974678,0.03802517428994179,0.07915263622999191,0.18423151969909668,0.003235241863876581,0.07046622782945633
186,E,0.03250780701637268,0.013944486156105995,0.06268420070409775,0.17102889716625214,0.02177451364696026,0.01020542811602354,0.021246645599603653,0.057185590267181396,0.05124708637595177,0.07271367311477661,0.006862270645797253,0.029692517593503,0.07869616895914078,0.028856728225946426,0.1028020903468132,0.054370298981666565,0.06373994052410126,0.04636431485414505,0.0,0.07407733052968979
187,I,0.07778263092041016,0.016761239618062973,0.08659973740577698,0.09388913214206696,0.013182017020881176,0.09004801511764526,0.02562199905514717,0.07795722037553787,0.03841117396950722,0.06931471079587936,0.00493234395980835,0.017285028472542763,0.05076386034488678,0.043954603374004364,0.04552597180008888,0.04351811483502388,0.03007420338690281,0.0958096906542778,0.019249236211180687,0.05931907519698143
188,V,0.06912702322006226,0.0005204041954129934,0.09510386735200882,0.12819290161132812,0.059369444847106934,0.009714211337268353,0.027884989976882935,0.09215490520000458,0.059456177055835724,0.029272735118865967,0.002038249745965004,0.014918252825737,0.02510950155556202,0.08083611726760864,0.02502276748418808,0.05416540056467056,0.03712216392159462,0.11938939243555069,0.0013443775242194533,0.06925712525844574
189,D,0.05534656345844269,0.0015566220972687006,0.4131966829299927,0.1429065614938736,0.0018160591134801507,0.023003416135907173,0.018809184432029724,0.003934795036911964,0.03822372108697891,0.004280711058527231,0.0028970467392355204,0.09279197454452515,0.00371859734877944,0.0635620728135109,0.02992173656821251,0.06321615725755692,0.02408440411090851,0.005448177456855774,0.00743719469755888,0.003848315915092826
190,S,0.09447941929101944,0.011221037246286869,0.03610432893037796,0.0029979869723320007,0.059317316859960556,0.030279669910669327,0.0011991948122158647,0.12364555150270462,0.0,0.09118163585662842,0.03897383064031601,0.0012420231942087412,0.04856739193201065,0.0060388026759028435,0.00025697032106108963,0.1271146535873413,0.05250760167837143,0.1827487200498581,0.014647307805716991,0.07747655361890793
191,V,0.07216191291809082,0.01594715192914009,0.12189682573080063,0.03841622546315193,0.018850458785891533,0.011697382666170597,0.013254228979349136,0.08979213982820511,0.03244130313396454,0.15290752053260803,0.04645291715860367,0.02343684248626232,0.019018765538930893,0.025540689006447792,0.060674913227558136,0.01628376729786396,0.04645291715860367,0.13876967132091522,0.007321383338421583,0.04868299141526222
192,E,0.09321577847003937,0.0,0.1202036514878273,0.21760006248950958,0.0012003808515146375,0.07305765897035599,0.013038619421422482,0.028188252821564674,0.06386853754520416,0.01034811045974493,0.00256633129902184,0.04557307809591293,0.04259282350540161,0.10513680428266525,0.04226168245077133,0.07194006443023682,0.05919119343161583,0.006457220762968063,0.0,0.0035597500391304493
193,A,0.14527983963489532,0.00484539894387126,0.14043444395065308,0.06077279895544052,0.011374368332326412,0.07198292016983032,0.04804336279630661,0.04968586936593056,0.04582597687840462,0.03724387288093567,0.030632777139544487,0.033958856016397476,0.04504578560590744,0.0379830002784729,0.09682585299015045,0.059992607682943344,0.016753582283854485,0.02278980053961277,0.004393709357827902,0.03613517805933952
194,Y,0.006752385757863522,0.0,0.00036390102468430996,0.009178392589092255,0.03877567499876022,0.0,0.022521430626511574,0.002466440200805664,0.0010917030740529299,0.011321364901959896,0.0,0.003558143274858594,0.0,0.00044476790935732424,0.01463690772652626,0.002426006831228733,0.0011321365600451827,0.007075853180140257,0.009097525849938393,0.8691573739051819
195,A,0.04921212047338486,0.024080807343125343,0.0,0.006545454729348421,0.08816161751747131,0.004888888914138079,0.008888889104127884,0.2773333191871643,0.017010100185871124,0.13717171549797058,0.03527272865176201,0.019999999552965164,0.00024242424115072936,0.010626262985169888,0.02800000086426735,0.02161616086959839,0.028282828629016876,0.17393939197063446,0.0009696969646029174,0.06775757670402527
196,T,0.09408818930387497,0.0019786786288022995,0.1889840066432953,0.2190680056810379,0.0,0.025843966752290726,0.019100306555628777,0.001736391568556428,0.1423841118812561,0.01671781577169895,0.001372960745356977,0.07010176032781601,0.0,0.09481505304574966,0.0373929888010025,0.0564529150724411,0.020230980589985847,0.008843482472002506,0.0,0.0008883863920345902
197,M,0.13230855762958527,0.0,0.10619290918111801,0.05726127699017525,0.08478531986474991,0.03577320650219917,0.08265260607004166,0.01086475420743227,0.08659611642360687,0.08333668857812881,0.03694016486406326,0.02241358533501625,0.00024143897462636232,0.02587421052157879,0.08848738670349121,0.030702989548444748,0.027685003355145454,0.004587340634316206,0.0032191863283514977,0.08007726073265076
198,L,0.04594454914331436,0.027367834001779556,0.0,0.01085962075740099,0.0768527016043663,0.0013524802634492517,0.0,0.16536059975624084,0.0,0.4152511954307556,0.07426707446575165,0.004176777321845293,0.0,0.0003977883025072515,0.0,0.005767930299043655,0.00648394925519824,0.11360833793878555,0.006921516265720129,0.045387644320726395
199,R,0.08988137543201447,0.004975718446075916,0.01548443641513586,0.039765942841768265,0.0030252367723733187,0.025157231837511063,0.008797070011496544,0.022092189639806747,0.19847145676612854,0.14067351818084717,0.008916487917304039,0.0491999052464962,0.015245601534843445,0.07061539590358734,0.07149112224578857,0.07503383606672287,0.08100469410419464,0.0666746273636818,0.0073242573998868465,0.006169890984892845
200,N,0.07692930847406387,0.0,0.07757747918367386,0.09726554900407791,0.0001620417315280065,0.09139153361320496,0.018837351351976395,0.00036459387047216296,0.16892850399017334,0.0014178650453686714,0.0,0.11638647317886353,0.014421713538467884,0.06299372017383575,0.03504152223467827,0.15450678765773773,0.08353251218795776,0.0,0.0,0.00024306259001605213
201,I,0.13967831432819366,0.009634377434849739,0.021364936605095863,0.00798161793500185,0.04901842400431633,0.02628290466964245,0.025678236037492752,0.12040956318378448,0.040351513773202896,0.24771234393119812,0.007618817500770092,0.027330994606018066,0.0012093361001461744,0.012496472336351871,0.011327448301017284,0.03426452353596687,0.07211674004793167,0.09271576255559921,0.0008465352584607899,0.05196113884449005
202,F,0.02544965036213398,0.04608670994639397,0.0,0.007749092765152454,0.36065909266471863,0.002691789995878935,0.0005709857796318829,0.20743097364902496,0.0004894163575954735,0.08919613063335419,0.014478567987680435,0.0018760961247608066,0.002528651151806116,0.0006117704906500876,0.006851829122751951,0.010481667704880238,0.0285085029900074,0.17496635019779205,0.0006117704906500876,0.018760960549116135
203,D,0.029405774548649788,0.00537612522020936,0.2896183729171753,0.03795870020985603,0.04097259044647217,0.032704759389162064,0.06300655752420425,0.011118804104626179,0.08259683102369308,0.03184946998953819,0.0008960208506323397,0.11631979793310165,0.08703620731830597,0.029202133417129517,0.04353846609592438,0.037592146545648575,0.0254958663135767,0.025577321648597717,0.0,0.009734044782817364
204,F,0.026107754558324814,0.0036891393829137087,0.013986297883093357,0.06324239075183868,0.11687679588794708,0.034945473074913025,0.06316130608320236,0.043985892087221146,0.06701260805130005,0.12417399883270264,0.05347225069999695,0.08399886637926102,0.0516074113547802,0.02845907397568226,0.030648235231637955,0.08651234209537506,0.04824259132146835,0.03932379186153412,0.00032431993167847395,0.020229456946253777
205,N,0.07638803124427795,0.0,0.1283286064863205,0.10215252637863159,0.011112483218312263,0.03300819173455238,0.02724616229534149,0.02584681287407875,0.04716631770133972,0.06235337629914284,0.0037041609175503254,0.12738198041915894,0.048112936317920685,0.05012964457273483,0.08449602872133255,0.0836317241191864,0.0679096207022667,0.0029221714939922094,0.0,0.018109232187271118
206,A,0.18571558594703674,0.006389921065419912,0.06806851923465729,0.04871748387813568,0.046632830053567886,0.03226683661341667,0.07962476462125778,0.008338620886206627,0.0630834773182869,0.13663554191589355,0.008701168932020664,0.09589413553476334,0.02424544468522072,0.02963835746049881,0.02424544468522072,0.05460890009999275,0.043505847454071045,0.025287773460149765,0.0003172301221638918,0.018082117661833763
207,L,0.015449630096554756,0.0019539238419383764,0.015222429297864437,0.015358749777078629,0.019402917474508286,0.02312900498509407,0.003953287377953529,0.3288499116897583,0.018266914412379265,0.18603171408176422,0.04507656767964363,0.1372290700674057,0.007497614249587059,0.0003180806234013289,0.04189576208591461,0.03716999292373657,0.020584359765052795,0.08129231631755829,0.0,0.0013177625369280577
208,K,0.06392916291952133,0.004232752602547407,0.01206577755510807,0.047971196472644806,0.0013622652040794492,0.014547047205269337,0.020579935982823372,0.0034543154761195183,0.2169407457113266,0.1020725890994072,0.04257078841328621,0.08937433362007141,0.016882358118891716,0.10917583107948303,0.12737180292606354,0.06217767670750618,0.02563977800309658,0.03731633722782135,0.0,0.002335311844944954
209,E,0.0864887535572052,0.0,0.07684784382581711,0.07873410731554031,0.02668716013431549,0.054631829261779785,0.003562945406883955,0.023333799093961716,0.19624143838882446,0.00544921075925231,0.011736760847270489,0.08641888946294785,0.016976386308670044,0.06825485825538635,0.058055050671100616,0.14971356093883514,0.025848818942904472,0.007335475645959377,0.0,0.023683106526732445
210,L,0.0915629044175148,0.03005581721663475,0.001288106432184577,0.046264491975307465,0.18838557600975037,0.016208672896027565,0.023078573867678642,0.0023615285754203796,0.013847144320607185,0.2241305261850357,0.008802060969173908,0.10551738739013672,0.007299270015209913,0.0011807642877101898,0.024688707664608955,0.07567625492811203,0.04465435817837715,0.07632030546665192,0.0010734220268204808,0.017604121938347816
211,L,0.025113215669989586,0.11239193379878998,0.0,0.03458213433623314,0.05050089210271835,0.007547687739133835,0.09427747875452042,0.08933717757463455,0.020447371527552605,0.29065459966659546,0.012899684719741344,0.029779057949781418,0.019075065851211548,0.006038150284439325,0.027308905497193336,0.0030190751422196627,0.11843007802963257,0.05859750136733055,0.0,0.0
212,S,0.0699053481221199,0.0,0.028053369373083115,0.03272893279790878,0.010491504333913326,0.026456836611032486,0.0013684571022167802,0.0006842285511083901,0.16729387640953064,0.005929980427026749,0.0,0.13433687388896942,0.007298437878489494,0.07572129368782043,0.02850952185690403,0.17698711156845093,0.20777739584445953,0.0,0.0,0.026456836611032486
213,G,0.034061308950185776,0.0,0.11600881814956665,0.07172910869121552,0.0,0.19404928386211395,0.005209377035498619,0.017231015488505363,0.1669004261493683,0.021839311346411705,0.0,0.04217591509222984,0.05489881709218025,0.028050491586327553,0.05700260400772095,0.10198356956243515,0.04918853938579559,0.003506311448290944,0.02163895033299923,0.01452614739537239
214,P,0.015348762273788452,0.002892960561439395,0.13347798585891724,0.02386692352592945,0.0,0.15967534482479095,0.032063644379377365,0.0,0.15846994519233704,0.04347476735711098,0.07055608928203583,0.05440372973680496,0.13018321990966797,0.009803921915590763,0.10977178066968918,0.025474123656749725,0.027483124285936356,0.0030536805279552937,0.0,0.0
215,N,0.09217537194490433,0.00558002945035696,0.1052234098315239,0.06150618940591812,0.00025173064204864204,0.03348017483949661,0.002559261629357934,0.013803230598568916,0.13786448538303375,0.045479338616132736,0.007048458326607943,0.06930983811616898,0.04115796089172363,0.03775959834456444,0.06943570077419281,0.12699811160564423,0.10237046331167221,0.026641493663191795,0.0,0.021355150267481804
216,R,0.033591222018003464,0.0,0.10641825199127197,0.035525381565093994,0.0062761506997048855,0.1944027841091156,0.013341753743588924,0.004815662745386362,0.0920896828174591,0.006434041075408459,0.04574879631400108,0.10290518403053284,0.18027156591415405,0.05593273788690567,0.038367412984371185,0.043696217238903046,0.018591616302728653,0.006907713133841753,0.00011841793457278982,0.014565406367182732
217,L,0.008092531003057957,0.00197378802113235,0.010145271196961403,0.0745697170495987,0.11325596272945404,0.02352755330502987,0.0,0.08676772564649582,0.06288488954305649,0.3652692139148712,0.03990999609231949,0.025777673348784447,0.02672509104013443,0.018000947311520576,0.03398863226175308,0.01954050175845623,0.005368703510612249,0.06181904301047325,0.004697615746408701,0.017685141414403915
218,K,0.004579007625579834,0.01389491930603981,0.010460663586854935,0.044724274426698685,0.0019342360319569707,0.017921287566423416,0.032368846237659454,0.018355505540966988,0.3695574998855591,0.0038289977237582207,0.0015789681347087026,0.058224450796842575,0.02273714169859886,0.028895117342472076,0.18292346596717834,0.09631706029176712,0.06023763492703438,0.02111869864165783,0.010342241264879704,0.0
219,I,0.007260674145072699,0.0009470444056205451,0.0,0.0,0.1016099750995636,0.0,0.0,0.36887380480766296,0.0,0.24844132363796234,0.0199668537825346,0.0,0.0,0.0,0.0,0.0,0.0005919027607887983,0.2457185685634613,0.0013416463043540716,0.005248204339295626
220,R,0.09730840474367142,0.017074424773454666,0.0,0.0008300067274831235,0.02897118777036667,0.09177502989768982,0.0026085926219820976,0.06549148261547089,0.021896367892622948,0.06806055456399918,0.009762460365891457,0.0012252479791641235,0.0,0.0049405163154006,0.048851825296878815,0.0444251224398613,0.03541361913084984,0.4018813371658325,0.0008300067274831235,0.0586538091301918
221,I,0.04414496198296547,0.003517369506880641,0.0,0.0,0.10654862970113754,0.0,0.04623957723379135,0.14330317080020905,0.0,0.14306603372097015,0.0016994032775983214,0.0,0.0,0.0,0.0,0.0,0.002568865427747369,0.32280758023262024,0.013120973482728004,0.17298343777656555
222,D,0.015995565801858902,0.0,0.6468701958656311,0.009106386452913284,0.000950231624301523,0.001069010584615171,0.001425347407348454,0.00027715088799595833,0.0,0.0,0.0,0.051827214658260345,0.0,0.0,0.0,0.062477730214595795,0.1784059852361679,0.0013461614726111293,0.0010294176172465086,0.029219621792435646
223,A,0.2102639228105545,0.25121670961380005,0.0,0.012661733664572239,0.01843865029513836,0.09535868465900421,0.0012266054982319474,0.0011870375601574779,0.0,0.009021485224366188,0.01040636282414198,0.0020179639104753733,0.19016341865062714,0.017568156123161316,0.00023740751203149557,0.12495548278093338,0.03252482786774635,0.013809203170239925,0.0,0.008942349813878536
224,M,0.2404557466506958,0.00850575603544712,0.0019780828151851892,0.0022945760283619165,0.021205047145485878,0.1396130919456482,0.03327135369181633,0.0035209874622523785,0.0013450963888317347,0.1895003318786621,0.18815523386001587,0.024884281679987907,0.0018593978602439165,0.002769316080957651,0.0,0.09835027903318405,0.0011472880141809583,0.04114412143826485,0.0,0.0
225,H,0.0009890805231407285,0.009297356940805912,0.00027694256277754903,0.005301471799612045,0.006330115720629692,0.08949200809001923,0.32797911763191223,0.0,0.011750277131795883,0.0,0.0,0.43934959173202515,0.0,0.003639816539362073,0.0,0.04981009662151337,0.0,0.0,0.011631587520241737,0.044152554124593735
226,G,0.04129057750105858,0.0,0.0036025336012244225,0.0,0.0,0.902414858341217,0.0,0.00023752968991175294,0.0028899444732815027,0.0,0.0,0.0,0.0,0.0,0.0,0.04798099771142006,0.001583531266078353,0.0,0.0,0.0
227,V,0.24427028000354767,0.004354193806648254,0.0,0.0,0.0022562642116099596,0.0017416775226593018,0.011479238048195839,0.14851759374141693,0.0,0.001385425333864987,0.0134188337251544,0.0,0.005027114879339933,0.0011083402205258608,0.0,0.08122550696134567,0.0836796909570694,0.40153583884239197,0.0,0.0
228,V,0.2506229877471924,0.0014239943120628595,0.0005142201553098857,0.0,0.00027688778936862946,0.5308334231376648,0.0,0.005300423130393028,0.0,0.0018195483135059476,0.012420394457876682,0.002254657680168748,0.0029270993545651436,0.0004351093666628003,0.02048969641327858,0.060796644538640976,0.09900715947151184,0.010877734050154686,0.0,0.0
229,G,0.1926063895225525,0.011332117952406406,0.006735874339938164,0.007924558594822884,0.007330216467380524,0.3151993155479431,0.044694509357213974,0.04873603209853172,0.015373642556369305,0.011807591654360294,0.007369839120656252,0.008875505067408085,0.0,0.003486805595457554,0.04493224620819092,0.11851176619529724,0.020881211385130882,0.03621523082256317,0.0013075520982965827,0.09667961299419403
230,P,0.08760827779769897,0.003717913292348385,0.08333662897348404,0.05133884400129318,0.024878377094864845,0.04402167350053787,0.07665229588747025,0.025511212646961212,0.04991496354341507,0.16845311224460602,0.018945535644888878,0.03939405828714371,0.15923742949962616,0.020962702110409737,0.026341810822486877,0.03365898132324219,0.014476129785180092,0.030613455921411514,0.0,0.04093659669160843
231,Y,0.04837751016020775,0.013035382144153118,0.0014263639459386468,0.0013867426896467805,0.08835532516241074,0.005863940808922052,0.011807124130427837,0.10456040501594543,0.18003882467746735,0.0679900124669075,0.03530250862240791,0.0008320456254296005,0.019731368869543076,0.009033638052642345,0.010460002347826958,0.041404176503419876,0.026031142100691795,0.141526997089386,0.01628432236611843,0.1765521615743637
232,V,0.225457563996315,0.0005942476564086974,0.0,0.0018619761103764176,0.04702480137348175,0.028761588037014008,0.0,0.16789478063583374,0.0,0.20030108094215393,0.040646541863679886,0.0013469613622874022,0.0015054274117574096,0.0,0.0,0.010973773896694183,0.028801204636693,0.17558038234710693,0.06089057773351669,0.008359083905816078
233,K,0.04136127606034279,0.00023770848929416388,0.13161127269268036,0.0855354368686676,0.0,0.02745532989501953,0.012321223504841328,0.03003050573170185,0.13153202831745148,0.013390911743044853,0.004833405837416649,0.004041044507175684,0.20744027197360992,0.0767006054520607,0.09528148919343948,0.03423002362251282,0.031456757336854935,0.057565074414014816,0.008240561001002789,0.006735073868185282
234,K,0.11292877793312073,0.0,0.0415511354804039,0.21845044195652008,0.0022973937448114157,0.01806226745247841,0.016794739291071892,0.009783728048205376,0.15313316881656647,0.027727164328098297,0.0052285511046648026,0.03889724984765053,0.04123425483703613,0.0549393966794014,0.15447992086410522,0.05359264835715294,0.029390795156359673,0.007842826656997204,0.001267527579329908,0.012398003600537777
235,I,0.11456641554832458,0.007011844776570797,0.0,0.008992591872811317,0.09479855746030807,0.0049914829432964325,0.0,0.26114171743392944,0.0,0.25444677472114563,0.05098443105816841,0.0,0.0015845977468416095,0.0059026265516877174,0.0056253219954669476,0.0028126609977334738,0.016757121309638023,0.15723170340061188,0.011488333344459534,0.001663827570155263
236,L,0.0574958436191082,0.014334362931549549,0.0058604576624929905,0.08184842020273209,0.28581610321998596,0.010612180456519127,0.0041577573865652084,0.03781579062342644,0.011206145398318768,0.39134395122528076,0.008236318826675415,0.013700800016522408,0.0,0.0020194819662719965,0.00277183810248971,0.015284707769751549,0.0032074127811938524,0.01187930628657341,0.0001979884400498122,0.0422111339867115
237,C,0.05538793280720711,0.11465517431497574,0.017025861889123917,0.13965517282485962,0.1922413855791092,0.04547413811087608,0.028663793578743935,0.08038792759180069,0.027801724150776863,0.056896552443504333,0.0,0.05301724001765251,0.0,0.013362068682909012,0.003017241368070245,0.005818965379148722,0.006681034341454506,0.1599137932062149,0.0,0.0
238,E,0.05392918363213539,0.014936073683202267,0.07428207248449326,0.1944875866174698,0.0020711354445666075,0.032500896602869034,0.03246106579899788,0.004062612075358629,0.16433663666248322,0.0031465329229831696,0.000995738198980689,0.0397498719394207,0.05488509312272072,0.07213127613067627,0.13749153912067413,0.054486796259880066,0.048034410923719406,0.0007567610591650009,0.013103915378451347,0.002150794491171837
239,E,0.12975338101387024,0.010660301893949509,0.056603021919727325,0.14693714678287506,0.021638821810483932,0.01758154295384884,0.06539379805326462,0.060063645243644714,0.09984089434146881,0.04964200407266617,0.009148767217993736,0.00827366765588522,0.006603023037314415,0.052267301827669144,0.10684168338775635,0.054932378232479095,0.01499602198600769,0.02963404916226864,0.0,0.05918854475021362
240,L,0.10727908462285995,0.0025826445780694485,0.0036157025024294853,0.0013906548265367746,0.17323584854602814,0.004450095351785421,0.022012079134583473,0.08041957765817642,0.0,0.4233947992324829,0.02089955471456051,0.011284170672297478,0.00031786394538357854,0.003893833374604583,0.0036951685324311256,0.037706609815359116,0.01406547985970974,0.021257152780890465,0.011085505597293377,0.05741417780518532
241,G,0.00355984503403306,0.019895577803254128,0.04560557007789612,0.021003086119890213,0.0006724151317030191,0.6094058752059937,0.009572027251124382,0.0026896605268120766,0.043944306671619415,0.006526382174342871,0.0017403686651960015,0.047622814774513245,0.03544023260474205,0.06720196455717087,0.04730638489127159,0.030060913413763046,0.0071987975388765335,0.0005537536344490945,0.0,0.0
242,A,0.23173384368419647,0.06546936184167862,0.004549230448901653,0.010839036665856838,0.1263894885778427,0.017287075519561768,0.022825270891189575,0.11559001356363297,0.027374500408768654,0.18679536879062653,0.00213616038672626,0.015111356973648071,0.0015427825273945928,0.04272320866584778,0.004905257374048233,0.03849044814705849,0.015783851966261864,0.05043712258338928,0.0,0.020016614347696304
243,P,0.04220560938119888,0.0038368734531104565,0.14971718192100525,0.16890154778957367,0.00229421304538846,0.025157231837511063,0.015980379655957222,0.03805229067802429,0.08899964392185211,0.059530872851610184,0.00826707761734724,0.05901665240526199,0.09924449026584625,0.03413630649447441,0.033463865518569946,0.0951702892780304,0.06522685289382935,0.008860409259796143,0.0,0.0019382145255804062
244,A,0.09455825388431549,0.003401091555133462,0.03606738895177841,0.06031005457043648,0.02618049457669258,0.0027287828270345926,0.013881199061870575,0.07067152112722397,0.0751008465886116,0.110495924949646,0.01443486474454403,0.05307284742593765,0.08910068869590759,0.019655145704746246,0.01925966888666153,0.019852882251143456,0.039389386773109436,0.24907062947750092,0.0002768330159597099,0.00249149720184505
245,N,0.019995123147964478,0.00016256197704933584,0.061895471066236496,0.06774770468473434,0.05242623761296272,0.02288059890270233,0.02938307821750641,0.16601641476154327,0.07485979050397873,0.03133382275700569,0.006339916959404945,0.03812078386545181,0.06478095054626465,0.01755669340491295,0.0010566528653725982,0.1007884219288826,0.07010485231876373,0.15809151530265808,0.007193367462605238,0.009266032837331295
246,S,0.044717445969581604,0.021048320457339287,0.012694512493908405,0.04414414241909981,0.019000818952918053,0.05569205433130264,0.05921375751495361,0.14725634455680847,0.05659295618534088,0.024078624323010445,0.004914004821330309,0.12391482293605804,0.021048320457339287,0.01253071241080761,0.030958231538534164,0.12817363440990448,0.06748566776514053,0.049631450325250626,0.0,0.07690417766571045
247,A,0.08182147890329361,0.006213715299963951,0.01714441180229187,0.09130080044269562,0.004807692486792803,0.015647677704691887,0.0027666909154504538,0.13098694384098053,0.04100145027041435,0.10944303125143051,0.011248186230659485,0.013289187103509903,0.11511248350143433,0.0031748912297189236,0.0050344704650342464,0.09465710818767548,0.07705914229154587,0.17788460850715637,0.0,0.0014060232788324356
248,V,0.0014345438685268164,0.06812033802270889,0.0,0.0,0.062341175973415375,0.0,0.0003278957155998796,0.2128453105688095,0.002623165724799037,0.19136814773082733,0.03307648003101349,0.0,0.0,0.022132961079478264,0.004672514274716377,0.008279367350041866,0.0016804656479507685,0.3653987944126129,0.00475448789075017,0.020944340154528618
249,N,0.025746073573827744,0.0009238061029464006,0.014459573663771152,0.025585411116480827,0.04024581238627434,0.05016668513417244,0.08093344420194626,0.00638631172478199,0.04627063497900963,0.010081536136567593,0.0022091015707701445,0.25991082191467285,0.0008434751071035862,0.2812788784503937,0.04225408658385277,0.021689360961318016,0.02305498719215393,0.026187894865870476,0.0,0.04177210107445717
250,C,0.12378524988889694,0.10789389908313751,0.0890951082110405,0.028994742780923843,0.1250995695590973,0.026883861050009727,0.021387604996562004,0.009638362564146519,0.06551696360111237,0.11239445954561234,0.016727736219763756,0.05627688392996788,0.007368169724941254,0.03226063400506973,0.034212201833724976,0.03377409651875496,0.0454038567841053,0.058108970522880554,0.0026684722397476435,0.0025091604329645634
251,V,0.03270016983151436,0.000440811098087579,0.16382142901420593,0.16189789772033691,0.029414121061563492,0.034904222935438156,0.0522962249815464,0.027210066094994545,0.044000960886478424,0.025807484984397888,0.03831049054861069,0.10912077873945236,0.0,0.03181854635477066,0.03931233286857605,0.03835056349635124,0.07682134956121445,0.0540594682097435,0.0064919451251626015,0.03322112560272217
252,P,0.02538815699517727,0.05937487259507179,0.0014263009652495384,0.005175434984266758,0.004238151479512453,0.01120665017515421,0.0004482660151552409,0.03341619297862053,0.02225029468536377,0.04661966487765312,0.0012632951838895679,0.10481274873018265,0.5188475251197815,0.0027710990980267525,0.06092342734336853,0.010962141677737236,0.014303761534392834,0.07172256708145142,0.0003667631244752556,0.0044826604425907135
253,L,0.004570342600345612,0.0,0.5965880751609802,0.0011312728747725487,0.03158513829112053,0.013168016448616982,0.004434589762240648,0.04755871370434761,0.02031766064465046,0.10063803941011429,0.00592787005007267,0.0889180526137352,0.0006787637248635292,0.0026245531626045704,0.0009050182998180389,0.06552332639694214,0.013892031274735928,0.00022625457495450974,0.0,0.0013122765813022852
254,E,0.013546798378229141,0.013820470310747623,0.05706075578927994,0.1254333108663559,0.0029191754292696714,0.39335888624191284,0.004150702618062496,0.0011859149672091007,0.01368363481014967,0.0,0.0,0.008529465645551682,0.30208903551101685,0.021164020523428917,0.0009122422779910266,0.007662835065275431,0.004743659868836403,0.002964787418022752,0.01610107719898224,0.010673235170543194
255,D,0.017736133188009262,0.0007947795675136149,0.24336986243724823,0.09231992065906525,0.0038902368396520615,0.04718480631709099,0.019576676189899445,0.02978331781923771,0.055676400661468506,0.04128670692443848,0.011545218527317047,0.14682506024837494,0.0,0.029114030301570892,0.012674642726778984,0.0810675173997879,0.15255583822727203,0.003220948623493314,0.00844976119697094,0.0029281352180987597
256,F,0.004363812506198883,0.0005656793946400285,0.08941775560379028,0.04016323760151863,0.6230150461196899,0.10671138018369675,0.0,0.0004848680691793561,0.04076932370662689,0.0008889248128980398,0.0018182552885264158,0.017980525270104408,0.0030708310659974813,0.009333710186183453,0.016647137701511383,0.027758697047829628,0.0049698976799845695,0.011151965707540512,0.0,0.0008889248128980398
257,G,0.006030592136085033,0.004952274262905121,0.0011981308925896883,0.028954830020666122,0.016334518790245056,0.26147210597991943,0.05012181028723717,0.01721314713358879,0.014137945137917995,0.04469028487801552,0.0026758257299661636,0.016893645748496056,0.37185990810394287,0.018011901527643204,0.04556891322135925,0.042533647269010544,0.013978194445371628,0.035824112594127655,0.0,0.007548224646598101
258,G,0.03551680967211723,0.0008072002092376351,0.032570529729127884,0.029059208929538727,0.002098720520734787,0.14505387842655182,0.019534245133399963,0.008072001859545708,0.13310731947422028,0.0074262418784201145,0.000686120183672756,0.22448238730430603,0.032893408089876175,0.002946280874311924,0.027121927589178085,0.05258909612894058,0.23170682787895203,0.011986923404037952,0.0010090002324432135,0.0013318803394213319
259,H,0.03040594607591629,0.0037557934410870075,0.004714719485491514,0.013185232877731323,0.003915614448487759,0.10276490449905396,0.12278248369693756,0.19865749776363373,0.07807255536317825,0.2440466731786728,0.0017580309649929404,0.02113632671535015,0.02017740160226822,0.034201692789793015,0.023653507232666016,0.043830908834934235,0.007791273761540651,0.030445899814367294,0.0,0.014703531749546528
260,H,0.01622224971652031,0.017896289005875587,0.03487584367394447,0.015504802577197552,0.10821475833654404,0.004185101017355919,0.11742197722196579,0.07046913355588913,0.011678424663841724,0.023396708071231842,0.00924708042293787,0.3744668960571289,0.018215153366327286,0.0033082226291298866,0.06261708587408066,0.033201802521944046,0.009486229158937931,0.013073458336293697,0.012714735232293606,0.04380405694246292
261,P,0.02786291390657425,0.0001592166518094018,0.052740518003702164,0.03586355224251747,0.020817577838897705,0.0,0.06384588032960892,0.0013931457651779056,0.015404211357235909,0.02002149447798729,0.06030330806970596,0.0060900370590388775,0.5389483571052551,0.00808024499565363,0.001830991473980248,0.02049914374947548,0.04529713839292526,0.007323965895920992,0.002945508109405637,0.07057277858257294
262,D,0.005567043088376522,0.00011929377797059715,0.23846827447414398,0.1621202528476715,0.0,0.0536026731133461,0.0034197550266981125,0.0010736440308392048,0.054636552929878235,0.056505486369132996,0.00528869079425931,0.3630507290363312,0.0,0.027238747105002403,0.0073564499616622925,0.017575951293110847,0.003499284153804183,0.0,0.0,0.0004771751118823886
263,P,0.03590478375554085,0.33281585574150085,0.00274659669958055,0.0034631001763045788,0.0005174747202545404,0.020619377493858337,0.0002786402474157512,0.0009155321749858558,0.0014728127280250192,0.00023883448739070445,0.0030252367723733187,0.0,0.551110565662384,0.00230873329564929,0.0030252367723733187,0.00684658857062459,0.00461746659129858,0.02559509500861168,0.0009553379495628178,0.003542711492627859
264,N,0.014276029542088509,0.0,0.0190214142203331,0.273118793964386,0.0027116481214761734,0.32300513982772827,0.001276069669984281,0.02851218171417713,0.01463492400944233,0.06304582208395004,0.007855803705751896,0.09127885848283768,0.0,0.0,0.006380348466336727,0.08087091892957687,0.050324998795986176,0.022729991003870964,0.0,0.0009570522815920413
265,L,0.2863520383834839,0.0,0.060188136994838715,0.23764349520206451,0.004623724613338709,0.004703443963080645,0.0032684949692338705,0.0025510203558951616,0.009287308901548386,0.1459263414144516,0.0023517219815403223,0.037866707891225815,0.03838488459587097,0.006895727012306452,0.011080995202064514,0.13380898535251617,0.004185267724096775,0.008051658049225807,0.0,0.0028300383128225803
266,T,0.05523209273815155,0.0,0.18128888309001923,0.11321582645177841,0.0002791513688862324,0.05910033360123634,0.01104641892015934,0.005822299979627132,0.08159196376800537,0.021733928471803665,0.008454298600554466,0.014196841977536678,0.182405486702919,0.023010049015283585,0.03345828503370285,0.043029192835092545,0.1512601673603058,0.014874780550599098,0.0,0.0
267,Y,0.07193814218044281,0.004344187211245298,0.02048543281853199,0.15635088086128235,0.10888366401195526,0.09983659535646439,0.08736199885606766,0.004304332192987204,0.03483320772647858,0.003427523886784911,0.003547088708728552,0.06388744711875916,0.0007970985607244074,0.005818819627165794,0.005739109590649605,0.032920170575380325,0.010840540751814842,0.0013550675939768553,0.00398549297824502,0.2793431878089905
268,A,0.3319776654243469,0.0366826169192791,0.015629984438419342,0.0016746411565691233,0.0008771930006332695,0.0033492823131382465,0.0,0.020893141627311707,0.000637958524748683,0.17045454680919647,0.013118022121489048,0.020414672791957855,0.048564594238996506,0.011323763988912106,0.004146730527281761,0.017743222415447235,0.03935406729578972,0.2607256770133972,0.002432216890156269,0.0
269,A,0.04041169583797455,0.00027925160247832537,0.022579487413167953,0.05652850493788719,0.032871901988983154,0.014920013956725597,0.02696772664785385,0.013364183716475964,0.2068057656288147,0.16579566895961761,0.12909403443336487,0.010651454329490662,0.003430805401876569,0.0845334529876709,0.039214905351400375,0.016037020832300186,0.03039853274822235,0.024254996329545975,0.004986635874956846,0.07687398046255112
270,D,0.1337135136127472,0.0,0.22188547253608704,0.11433243006467819,0.001236241776496172,0.016350295394659042,0.008294783532619476,0.014037326909601688,0.08510129153728485,0.011604721657931805,0.004466421902179718,0.026439623907208443,0.007656723726540804,0.06635826826095581,0.05531185120344162,0.07684638351202011,0.08873026072978973,0.06615887582302094,0.0,0.0014755143783986568
271,L,0.03188139945268631,0.0007173315389081836,0.014944407157599926,0.022715497761964798,0.009763679467141628,0.03742079436779022,0.048937950283288956,0.034591320902109146,0.07906587421894073,0.45845454931259155,0.028414299711585045,0.029131630435585976,0.004343840759247541,0.04838002473115921,0.024987047538161278,0.03793886676430702,0.07225122302770615,0.010680269449949265,0.0004383692576084286,0.004941617138683796
272,V,0.15108171105384827,0.013227618299424648,0.0006374755757860839,0.0013944779057055712,0.004382644779980183,0.02255069836974144,0.006016175728291273,0.06490298360586166,0.042272601276636124,0.10661779344081879,0.018845371901988983,0.001673373393714428,0.0017530579352751374,0.20821546018123627,0.037013426423072815,0.13809314370155334,0.04673492908477783,0.13147933781147003,0.0,0.003107693511992693
273,E,0.14680366218090057,0.0023187941405922174,0.05928916856646538,0.15567904710769653,0.0017990644555538893,0.004517650697380304,0.01855035312473774,0.02038939669728279,0.20901131629943848,0.04873465746641159,0.0053172348998487,0.027065925300121307,0.009315156377851963,0.14944228529930115,0.08659496903419495,0.014032702893018723,0.011434054002165794,0.028025425970554352,0.0,0.0016791268717497587
274,T,0.3001077473163605,0.0048681218177080154,0.008459359407424927,0.04217708855867386,0.013846214860677719,0.018315311521291733,0.013048162683844566,0.02569729834794998,0.06631818413734436,0.1612066626548767,0.014444754458963871,0.016599496826529503,0.06735565513372421,0.017557160928845406,0.04931965842843056,0.03595227748155594,0.05741989612579346,0.039264194667339325,0.01907346025109291,0.028969313949346542
275,M,0.1886618584394455,0.000240384615608491,0.0,0.0,0.001842948724515736,0.010416666977107525,0.01157852541655302,0.029567306861281395,0.0,0.14146634936332703,0.11478365212678909,0.0023637821432203054,0.16105769574642181,0.0040064104832708836,0.0050881411880254745,0.006971153896301985,0.008333333767950535,0.30725160241127014,0.0014423077227547765,0.004927884787321091
276,K,0.046704720705747604,0.000638697063550353,0.07500698417425156,0.16043271124362946,0.0021955210249871016,0.009021596051752567,0.00838289875537157,0.056804120540618896,0.29192447662353516,0.08283102512359619,0.0017164982855319977,0.0374436154961586,0.017524249851703644,0.017164982855319977,0.08590475469827652,0.05872021242976189,0.015169055201113224,0.03241387754678726,0.0,0.0
277,S,0.11706151813268661,0.0,0.09556042402982712,0.21142743527889252,0.0,0.04913398250937462,0.005773442331701517,0.02392992191016674,0.1431017369031906,0.005574358161538839,0.05490742623806,0.08644236624240875,0.013696993701159954,0.036591678857803345,0.06601632386445999,0.054787974804639816,0.01879354938864708,0.016205454245209694,0.0,0.0009954210836440325
278,G,0.026662684977054596,0.0005972441285848618,0.04530523344874382,0.10293929278850555,0.009299944154918194,0.076788529753685,0.11761443316936493,0.043001577258110046,0.12013139575719833,0.039802055805921555,0.018045304343104362,0.11415895074605942,0.0018343927804380655,0.04138048738241196,0.01454716082662344,0.0514056570827961,0.054775819182395935,0.056482233107089996,0.029179641976952553,0.03604795038700104
279,E,0.049446817487478256,0.0003594679874368012,0.07496904581785202,0.05024563521146774,0.0,0.2173183709383011,0.05687582492828369,0.0011582857696339488,0.09633742272853851,0.02939649298787117,0.004473379347473383,0.11311259120702744,0.09985221922397614,0.06110955774784088,0.03714502602815628,0.07768502831459045,0.007748532108962536,0.02276630513370037,0.0,0.0
280,H,0.43250909447669983,0.03363560140132904,0.019414372742176056,0.00758998142555356,0.08652578294277191,0.0739423930644989,0.022050892934203148,0.02265010215342045,0.011145288124680519,0.03918827325105667,0.0044740941375494,0.07649902254343033,0.03834937885403633,0.0,0.0021970998495817184,0.04066631942987442,0.011704550124704838,0.01937442645430565,0.0,0.05808332934975624
281,D,0.03180985897779465,0.0003981208719778806,0.4876582622528076,0.11362369358539581,0.013257425278425217,0.019746795296669006,0.04307667911052704,0.0029062824323773384,0.04928736388683319,0.0033442152198404074,0.007086551282554865,0.05259176716208458,0.011903814040124416,0.01393423043191433,0.03368102386593819,0.014690659940242767,0.09308066219091415,0.007922605611383915,0.0,0.0
282,F,0.041285499930381775,0.0015114151174202561,0.0,0.0,0.12322010844945908,0.0006761593976989388,0.02302919328212738,0.1707899123430252,0.05333704501390457,0.2899530529975891,0.03858086094260216,0.0,0.0004772889951709658,0.0,0.12473152577877045,0.0023864449467509985,0.0006363853462971747,0.11848699301481247,0.0,0.010898098349571228
283,G,0.08492366224527359,0.09931615740060806,0.0,0.00035782443592324853,0.10178116708993912,0.4320133626461029,0.0,0.09025127440690994,0.0,0.03689567372202873,0.00282283709384501,0.0,0.0,0.0,0.0,0.007991412654519081,0.0,0.11036895960569382,0.0,0.03327767178416252
284,A,0.13548541069030762,0.17444542050361633,0.0,0.0,0.09016458690166473,0.002743102377280593,0.0,0.24580582976341248,0.0,0.17945456504821777,0.004452572204172611,0.0,0.0,0.0,0.0,0.0,0.011369961313903332,0.11628369241952896,0.0017889798618853092,0.03800588473677635
285,A,0.5357128381729126,0.03302992880344391,0.0,0.0,0.0017886243294924498,0.07524146139621735,0.0,0.03398386389017105,0.0,0.001311657833866775,0.009499582462012768,0.0,0.00035772487171925604,0.008307166397571564,0.004133709706366062,0.2031479775905609,0.034858301281929016,0.054811399430036545,0.003815731965005398,0.0
286,F,0.009895875118672848,0.014148319140076637,0.0,0.0,0.4141562581062317,0.00679596234112978,0.021739130839705467,0.015062395483255386,0.0,0.0899769514799118,0.0019871233962476254,0.19215483963489532,0.02209681272506714,0.0026627453044056892,0.0,0.034019552171230316,0.11890946328639984,0.033105477690696716,0.014506001025438309,0.008783085271716118
287,D,0.0017879137303680182,0.0,0.9812865257263184,0.0025428105145692825,0.0016687194583937526,0.0,0.0,0.0,0.0,0.0,0.0,0.004052604548633099,0.0,0.0,0.0,0.007429774850606918,0.0012316738720983267,0.0,0.0,0.0
288,G,0.034355390816926956,0.025061560794711113,0.0008737787138670683,0.0027802048716694117,0.0015092540998011827,0.5894829034805298,0.0019858607556670904,0.0,0.0,0.0008737787138670683,0.0,0.0010723647428676486,0.3045516014099121,0.0,0.0,0.0024624671787023544,0.03499086573719978,0.0,0.0,0.0
289,D,0.0,0.0,0.9714773893356323,0.0,0.0,0.0017876295605674386,0.0003178008191753179,0.0006356016383506358,0.0,0.0,0.0005561514408327639,0.0151749886572361,0.0,0.0,0.0,0.002462956355884671,0.0054423389956355095,0.002145155565813184,0.0,0.0
290,G,0.5960133671760559,0.021601015701889992,0.0,0.0,0.040025413036346436,0.2343154400587082,0.002858957974240184,0.0,0.0,0.0,0.0,0.0,0.0,0.0,0.0010721093276515603,0.02854987233877182,0.0011515248334035277,0.047411054372787476,0.0,0.02700127102434635
291,D,0.0009934433037415147,0.0,0.9701967239379883,0.02336578629910946,0.0,0.0,0.0,0.0,0.0,0.0,0.0,0.0015100337332114577,0.0,0.0,0.0,0.0012716073542833328,0.002662427956238389,0.0,0.0,0.0
292,R,0.001787700573913753,0.0,0.0013507071416825056,0.001787700573913753,0.0,0.0015890671638771892,0.0,0.0,0.006117908749729395,0.0,0.0,0.0,0.0,0.008580963127315044,0.9741776585578918,0.0021849675104022026,0.0024233274161815643,0.0,0.0,0.0
293,N,0.023198537528514862,0.10216890275478363,0.0,0.0,0.07722253352403641,0.02236434444785118,0.0603400319814682,0.197942316532135,0.0,0.24275045096874237,0.012751251459121704,0.07189957797527313,0.03225550055503845,0.0,0.0,0.021847939118742943,0.001032811589539051,0.12385794520378113,0.0,0.010367839597165585
294,M,0.19390986859798431,0.0020590797066688538,0.0015047121560201049,0.0,0.04941791296005249,0.19549378752708435,0.002415458904579282,0.088144451379776,0.0016631028847768903,0.12900926172733307,0.10897283256053925,0.021382750943303108,0.0,0.007127583958208561,0.006296032108366489,0.03607349470257759,0.005939653143286705,0.15059000253677368,0.0,0.0
295,I,0.11680303514003754,0.016522392630577087,0.0,0.0,0.04431005194783211,0.0010277086403220892,0.0,0.24455511569976807,0.0,0.09518162906169891,0.03502114862203598,0.0,0.0,0.0,0.0,0.0,0.0006324360729195178,0.25969406962394714,0.0,0.1862524151802063
296,L,0.20098814368247986,0.009209485724568367,0.0,0.0014624506002292037,0.11106719076633453,0.010079051367938519,0.0,0.09916996210813522,0.0,0.10308300703763962,0.017509881407022476,0.0,0.0018972331890836358,0.0,0.0,0.02703557349741459,0.005612648092210293,0.2805928885936737,0.00023715414863545448,0.1320553421974182
297,G,0.031316522508859634,0.030374979600310326,0.36834779381752014,0.08780907094478607,0.01903553307056427,0.0872359573841095,0.001064352341927588,0.04523497447371483,0.0017602751031517982,0.0022105779498815536,0.014900933019816875,0.004462092649191618,0.0,0.0009415425010956824,0.008023579604923725,0.029024070128798485,0.09247584640979767,0.09051088988780975,0.0024152612313628197,0.08285573869943619
298,K,0.04307805746793747,0.003804614534601569,0.021804941818118095,0.18532155454158783,0.0014727540547028184,0.07826051115989685,0.033096056431531906,0.006341024301946163,0.15112093091011047,0.03980527073144913,0.0017182130832225084,0.08721976727247238,0.1468663066625595,0.017673049122095108,0.08517427742481232,0.024709539487957954,0.0418916717171669,0.015668466687202454,0.006954671815037727,0.008018327876925468
299,H,0.030855363234877586,0.031107930466532707,0.0659622848033905,0.09854352474212646,0.005514396354556084,0.0670146495103836,0.04554639011621475,0.001220744219608605,0.16429533064365387,0.01010271068662405,0.009050345048308372,0.09475500881671906,0.0,0.06890890747308731,0.10784643888473511,0.06040579080581665,0.11984340846538544,0.015280350111424923,0.0,0.0037464220076799393
300,G,0.055480778217315674,0.0007991924067027867,0.005678472109138966,0.0005047530867159367,0.12349625676870346,0.4390510618686676,0.00521578174084425,0.04399764537811279,0.0026499538216739893,0.025195591151714325,0.0032808950636535883,0.0003785648150369525,0.018002860248088837,0.0,0.0018928240751847625,0.008496677502989769,0.01842348836362362,0.03297720104455948,0.15866072475910187,0.05581727996468544
301,F,0.02365047112107277,0.006016348022967577,0.024231359362602234,0.09800422936677933,0.07983071357011795,0.05186506733298302,0.11161362379789352,0.008256918750703335,0.1073814332485199,0.02319405786693096,0.007095141336321831,0.09941495954990387,0.0,0.07186423987150192,0.16625866293907166,0.016057424247264862,0.01879590004682541,0.0670926496386528,0.0028629517182707787,0.01651383750140667
302,F,0.01991177350282669,0.0035614552907645702,0.004694645758718252,0.03525031358003616,0.165769562125206,0.0005261240876279771,0.0004451819113455713,0.12995265424251556,0.005706422962248325,0.25423935055732727,0.04455866292119026,0.006111133377999067,0.03278157860040665,0.07131005078554153,0.014812416397035122,0.02177344262599945,0.010482010431587696,0.135254368185997,0.01622890494763851,0.026629973202943802
303,V,0.004977137316018343,0.007769190240651369,0.0,0.0,0.1261684149503708,0.005584105383604765,0.0006878970307298005,0.18370898067951202,0.0008902197005227208,0.38028568029403687,0.05474851280450821,0.0,0.00639339629560709,0.000606968009378761,0.0005665034404955804,0.0006474325200542808,0.00036418079980649054,0.20551936328411102,0.0,0.021082021296024323
304,N,0.007081006653606892,0.0027514768298715353,0.2861940562725067,0.058064255863428116,0.03281540796160698,0.02581532672047615,0.03969410061836243,0.0045318445190787315,0.008254430256783962,0.0024682367220520973,0.00024277737247757614,0.15849316120147705,0.008861374109983444,0.0029133285861462355,0.028850045055150986,0.11912276595830917,0.182285338640213,0.005341102369129658,0.012624423019587994,0.01359553262591362
305,P,0.03395036607980728,0.00048500526463612914,0.010225526988506317,0.02396734245121479,0.0012125131906941533,0.6504324674606323,0.0023037749342620373,0.0015358499949797988,0.0023441920056939125,0.0,0.001576267066411674,0.0015358499949797988,0.21243229508399963,0.0025462775956839323,0.01964271254837513,0.025947781279683113,0.00848759151995182,0.0,0.0,0.001374181592836976
306,S,0.0027479189448058605,0.0005657480214722455,0.49963629245758057,0.030631212517619133,0.0019397074356675148,0.00836498849093914,0.0069102076813578606,0.000767800840549171,0.0,0.0017780651105567813,0.0,0.2719631493091583,0.00735472422093153,0.03523802012205124,0.0,0.09209569543600082,0.0012123171472921968,0.005334195215255022,0.0,0.03345995396375656
307,D,0.02088804543018341,0.0005656337016262114,0.09842026233673096,0.15651892125606537,0.001333279418759048,0.0034746071323752403,0.094420425593853,0.014504464343190193,0.18750756978988647,0.027716051787137985,0.005696739535778761,0.004444264806807041,0.010706637986004353,0.15950870513916016,0.11446002125740051,0.011151064187288284,0.010666235350072384,0.018059875816106796,0.006019958760589361,0.053937215358018875
308,S,0.009817388840019703,0.0,0.0,0.00024240465427283198,0.026381706818938255,0.0,0.0,0.3895038664340973,0.0,0.2495555877685547,0.022139625623822212,0.0,0.0,0.01854395680129528,0.0,0.08916451036930084,0.04031997546553612,0.10617323964834213,0.0,0.04815772548317909
309,V,0.1530505120754242,0.0060606058686971664,0.0013737373519688845,0.001414141384884715,0.03014141321182251,0.25486868619918823,0.0,0.07054545730352402,0.0,0.2842020094394684,0.045818183571100235,0.0,0.0,0.0018585858633741736,0.0,0.045010101050138474,0.019959595054388046,0.08513130992650986,0.0,0.0005656565772369504
310,A,0.3941721022129059,0.04385078698396683,0.0004041547072120011,0.0,0.028694983571767807,0.04635654389858246,0.0,0.08054803311824799,0.0,0.07294992357492447,0.03184739127755165,0.001131633180193603,0.022834740579128265,0.001859111711382866,0.0006870630313642323,0.04910479858517647,0.1035444363951683,0.06426060199737549,0.004122377838939428,0.05363133177161217
311,V,0.022761208936572075,0.010290971957147121,0.0,0.0,0.011905242688953876,0.0001614270149730146,0.0,0.14726179838180542,0.0,0.5780701637268066,0.03240647166967392,0.0,0.0,0.0,0.0011299890466034412,0.0007264215382747352,0.011703458614647388,0.18229146301746368,0.0,0.0012914161197841167
312,I,0.061335813254117966,0.03923390805721283,0.0,0.0,0.1538648009300232,0.0008889248128980398,0.0,0.21338236331939697,0.001414198544807732,0.3417915999889374,0.043880559504032135,0.0015354155329987407,0.00016162269457709044,0.0,0.0,0.005293142981827259,0.040890540927648544,0.05276980996131897,0.005050709005445242,0.038506604731082916
313,A,0.5015153288841248,0.012284317053854465,0.0,0.0003636804467532784,0.014223946258425713,0.11350870877504349,0.0,0.08255545794963837,0.006303794216364622,0.04739968478679657,0.019234655424952507,0.0,0.0,0.005333980079740286,0.0,0.12381298840045929,0.014991716481745243,0.049824222922325134,0.0018184022046625614,0.006829110439866781
314,A,0.10030714422464371,0.007516973651945591,0.12023116648197174,0.09953927993774414,0.004203039221465588,0.01535725872963667,0.03572583198547363,0.02109602279961109,0.0790090560913086,0.06543000042438507,0.06854186952114105,0.027562236413359642,0.0007274490781128407,0.04106045886874199,0.07230035215616226,0.0787261575460434,0.05686226859688759,0.01790332980453968,0.06013578921556473,0.02776430733501911
315,N,0.05875930190086365,0.012900356203317642,0.05924458056688309,0.047597866505384445,0.1373341977596283,0.005702038295567036,0.06838402152061462,0.040642186999320984,0.006551277823746204,0.06660465896129608,0.006106438115239143,0.07994985580444336,0.00048527983017265797,0.006510837934911251,0.03720478713512421,0.012738595716655254,0.0073196375742554665,0.03578938916325569,0.06785830110311508,0.24231639504432678
316,I,0.08104173094034195,0.010109996423125267,0.00024263991508632898,0.019492072984576225,0.03764962777495384,0.002547719283029437,0.0006874797982163727,0.2203979343175888,0.008451957255601883,0.3710368871688843,0.05313814431428909,0.003235199023038149,0.0,0.004650598391890526,0.016418633982539177,0.008371077477931976,0.013385635800659657,0.11153348535299301,0.02151407301425934,0.01609511487185955
317,F,0.053998302668333054,0.012094001285731792,0.00954576674848795,0.016138818114995956,0.09023986011743546,0.028718197718262672,0.027706993743777275,0.06285645067691803,0.13271042704582214,0.30550500750541687,0.017190471291542053,0.020345427095890045,0.004004368558526039,0.03013388253748417,0.0357966274023056,0.05149051547050476,0.007159325294196606,0.03029567562043667,0.04020547494292259,0.023864418268203735
318,S,0.09456561505794525,0.017480678856372833,0.045279812067747116,0.2551693320274353,0.004289240576326847,0.022012704983353615,0.031683728098869324,0.00878080353140831,0.11714482307434082,0.024238254874944687,0.007647796534001827,0.021810382604599,0.010156597942113876,0.04960951581597328,0.06931574642658234,0.09408003836870193,0.103670135140419,0.005665034521371126,0.0,0.017399748787283897
319,I,0.058485448360443115,0.05771643668413162,0.03318897634744644,0.09960740059614182,0.035253167152404785,0.0014166026376187801,0.06702554225921631,0.06403043866157532,0.08944833278656006,0.13287732005119324,0.01513741072267294,0.05358805134892464,0.005747359246015549,0.07843931019306183,0.09094588458538055,0.05642125755548477,0.021127615123987198,0.020925244316458702,0.012263731099665165,0.00635447446256876
320,P,0.029471328482031822,0.0,0.0017053933115676045,0.006128757260739803,0.024888083338737488,0.07482413202524185,0.03528032451868057,0.022329993546009064,0.04327435418963432,0.29108932614326477,0.0014389256248250604,0.010498827323317528,0.0973140075802803,0.012843742966651917,0.15455126762390137,0.006022170186042786,0.01716051995754242,0.019665315747261047,0.06064805015921593,0.09086548537015915
321,Y,0.06993838399648666,0.009674630127847195,0.045940980315208435,0.07004648447036743,0.015998270362615585,0.06820884346961975,0.027618635445833206,0.011674413457512856,0.1874932497739792,0.012809425592422485,0.002161928452551365,0.028969841077923775,0.08907145261764526,0.04086044803261757,0.04177926853299141,0.08490973711013794,0.05702086165547371,0.05718300864100456,0.0015133499400690198,0.07712679356336594
322,F,0.039776042103767395,0.0,0.023795638233423233,0.11256269365549088,0.10165636241436005,0.04589992016553879,0.01732182502746582,0.040709204971790314,0.10859675705432892,0.10929662734270096,0.005890586879104376,0.08730899542570114,0.016330339014530182,0.13729149103164673,0.0181383416056633,0.022804152220487595,0.04473346471786499,0.03382713347673416,0.003557681106030941,0.030502740293741226
323,Q,0.18249444663524628,0.0023396725300699472,0.016257723793387413,0.060231566429138184,0.001619773218408227,0.053272541612386703,0.0460735484957695,0.030835682526230812,0.10324554890394211,0.009478673338890076,0.004559361841529608,0.049133121967315674,0.016257723793387413,0.06605075299739838,0.10198572278022766,0.07648929208517075,0.028076069429516792,0.040254365652799606,0.09580658376216888,0.015537824481725693
324,Q,0.03565621376037598,0.044134728610515594,0.05882694572210312,0.06451800465583801,0.013646922074258327,0.15644599497318268,0.10017421841621399,0.016202090308070183,0.17560975253582,0.026132404804229736,0.009059233590960503,0.14291521906852722,0.013414634391665459,0.06376306712627411,0.01974448375403881,0.02979094162583351,0.020441347733139992,0.00441347248852253,0.0,0.005110336933284998
325,T,0.05639578402042389,0.006230695638805628,0.019011609256267548,0.0225796140730381,0.0003727766452357173,0.035839810967445374,0.022313345223665237,0.03312386944890022,0.1363297402858734,0.1041111946105957,0.03370966017246246,0.041804239153862,0.2872510254383087,0.051070403307676315,0.01272766012698412,0.05703482776880264,0.0743955671787262,0.005698157474398613,0.0,0.0
326,G,0.031715601682662964,0.0,0.04261612519621849,0.035221297293901443,0.0015337422955781221,0.37001532316207886,0.014187116175889969,0.008490359410643578,0.11464723944664001,0.19752410054206848,0.00038343557389453053,0.05302366241812706,0.001259859767742455,0.04108238220214844,0.013694128021597862,0.06222611665725708,0.005313321482390165,0.0066827344708144665,0.0,0.00038343557389453053
327,V,0.020110497251152992,0.0006629834533669055,0.10563535988330841,0.025524862110614777,0.0036464089062064886,0.0019889501854777336,0.038232043385505676,0.02856353670358658,0.1747513860464096,0.09232044219970703,0.0007182320696301758,0.1941436529159546,0.010994475334882736,0.044530387967824936,0.07530386745929718,0.04696132615208626,0.078232042491436,0.057292819023132324,0.0,0.0003867403429467231
328,R,0.15134413540363312,0.007625366095453501,0.04204721748828888,0.022014474496245384,0.0020678958389908075,0.12950198352336884,0.004265035502612591,0.09081509709358215,0.06315698474645615,0.04635533317923546,0.02270377427339554,0.02722729556262493,0.058805789798498154,0.05824573338031769,0.03894537314772606,0.05260210111737251,0.06979148834943771,0.09951749444007874,0.0,0.012967430986464024
329,G,0.1740013062953949,0.003329002996906638,0.006170834880322218,0.013681390322744846,0.011367326602339745,0.27334362268447876,0.009824618697166443,0.010392984375357628,0.0844024047255516,0.03032640554010868,0.002232867758721113,0.03329002857208252,0.0314631387591362,0.024683339521288872,0.017578760161995888,0.025982461869716644,0.11091263592243195,0.05492854863405228,4.0597595216240734e-05,0.08204774558544159
330,F,0.016626115888357162,0.00275750202126801,0.0,0.0,0.06553122401237488,0.0004866179951932281,0.012124898843467236,0.30928629636764526,0.0,0.10733982175588608,0.06808596849441528,0.0,0.0,0.0,0.0,0.0,0.007015409413725138,0.4040551483631134,0.0,0.006690997630357742
331,A,0.15293879806995392,0.004215646535158157,0.0,0.0,0.030522901564836502,0.08325901627540588,0.0,0.17693555355072021,0.0,0.1074584499001503,0.0004053506418131292,0.0,0.00028374543762765825,0.0,0.0,0.011836238205432892,0.000891771400347352,0.42638832330703735,0.0,0.004864207468926907
332,R,0.06122944876551628,0.010690855793654919,0.0,0.0009718959918245673,0.034218840301036835,0.052765853703022,0.055762533098459244,0.006236332934349775,0.13092249631881714,0.019721390679478645,0.0010933830635622144,0.0716773271560669,0.0002834696788340807,0.17506277561187744,0.09682513773441315,0.06114845722913742,0.11905726045370102,0.07358063012361526,0.0,0.028751922771334648
333,S,0.0013489208649843931,0.00044964029802940786,0.15267331898212433,0.007153368089348078,0.0,0.0002861347165890038,0.0,0.0,0.0,0.0,0.0,0.05996566265821457,0.067282535135746,0.0,0.0003270111046731472,0.2379823476076126,0.4725310802459717,0.0,0.0,0.0
334,M,0.18726515769958496,0.0006943310145288706,0.010292435996234417,0.0,0.0163371991366148,0.012252899818122387,0.0004492730076890439,0.14237870275974274,0.004778631031513214,0.12567390501499176,0.08601535856723785,0.0024914229288697243,0.03737134486436844,0.0031449110247194767,0.028508413583040237,0.02859009988605976,0.09103904664516449,0.2089119404554367,0.00020421500084921718,0.013600719161331654
335,P,0.025350043550133705,0.0,0.006490590516477823,0.0038372045382857323,0.0,0.0017144957091659307,0.0017144957091659307,0.014491570182144642,0.0937257632613182,0.0074703022837638855,0.09462383389472961,0.0136751439422369,0.10078784823417664,0.001265461090952158,0.04678123816847801,0.06408947706222534,0.02861574850976467,0.29505655169487,0.0017144957091659307,0.19859574735164642
336,T,0.1849401742219925,0.06884723901748657,0.0,0.0,0.0,0.012495405972003937,0.0,0.00114337052218616,0.0,0.03091183863580227,0.0022050717379897833,0.0006533545674756169,0.00032667728373780847,0.0,0.0,0.41924944519996643,0.2540324330329895,0.025194985792040825,0.0,0.0
337,S,0.0077986097894608974,0.0,0.0,0.0,0.0,0.014546629972755909,0.0,0.004000323358923197,0.0,0.0004444803635124117,0.0,0.32697591185569763,0.012930337339639664,0.0,0.0010909972479566932,0.4900597929954529,0.1335865557193756,0.002060772618278861,0.0,0.006505576428025961
338,G,0.05484209582209587,0.0007269202615134418,0.05048057436943054,0.034649867564439774,0.015992246568202972,0.26031821966171265,0.03355948626995087,0.007673047482967377,0.06849204748868942,0.07410548627376556,0.029319118708372116,0.03097488172352314,0.01336725614964962,0.05726516619324684,0.08064776659011841,0.10120345652103424,0.03529601916670799,0.0006461513694375753,0.034649867564439774,0.01579032465815544
339,A,0.26921990513801575,0.0037531780544668436,0.0,0.0005246378132142127,0.010977037250995636,0.12094919383525848,0.03712821379303932,0.08939021080732346,0.0038742483593523502,0.14342790842056274,0.09132733196020126,0.05133379250764847,0.0,0.0029863996896892786,0.02098551206290722,0.120101697742939,0.0021792647894471884,0.02933936007320881,0.0,0.0025021187029778957
340,L,0.02546202950179577,0.004600112792104483,0.0,0.0,0.05673472583293915,0.011338874697685242,0.0,0.1463562250137329,0.0,0.3906060755252838,0.027883140370249748,0.0010491486173123121,0.0026228714268654585,0.014526672661304474,0.0,0.17904123663902283,0.03837462514638901,0.09111452102661133,0.0,0.01028972677886486
341,D,0.06306996941566467,0.004358001984655857,0.20930513739585876,0.17500604689121246,0.011137115769088268,0.012388023547828197,0.011298523284494877,0.015374061651527882,0.05491889268159866,0.010330078192055225,0.0010491486173123121,0.02647082507610321,0.041965942829847336,0.02542167715728283,0.07549834251403809,0.02897264063358307,0.17161649465560913,0.053667984902858734,0.0,0.008151077665388584
342,R,0.14160016179084778,0.0,0.11823204159736633,0.0763249471783638,0.004706363659352064,0.0003273992333561182,0.008471454493701458,0.010394925251603127,0.16300389170646667,0.04350317269563675,0.0012686719419434667,0.09535502642393112,0.021117249503731728,0.0234090443700552,0.2099856734275818,0.028606507927179337,0.028320033103227615,0.02394106797873974,0.0,0.0014323715586215258
343,V,0.08386095613241196,0.004983456339687109,0.0021649443078786135,0.01164168119430542,0.08292145282030106,0.01870838552713394,0.0027368164155632257,0.20991790294647217,0.006821616552770138,0.07540541887283325,0.06682733446359634,0.0007761120796203613,0.0,0.0030636002775281668,0.005187696777284145,0.003962256480008364,0.006004656665027142,0.21580000221729279,0.009803521446883678,0.1894121915102005
344,A,0.395224392414093,0.030242834240198135,0.0,0.0,0.00839177891612053,0.018688935786485672,0.0011351198190823197,0.16722747683525085,0.0,0.22171321511268616,0.010499858297407627,0.0003648599376901984,0.0,0.0003648599376901984,0.0,0.030688773840665817,0.013418737798929214,0.09620140492916107,0.00506749888882041,0.0007702598813921213
345,N,0.12040717154741287,0.013423635624349117,0.0532078854739666,0.1885797679424286,0.00036499311681836843,0.01618136093020439,0.0105442451313138,0.003284937934949994,0.16785627603530884,0.04753021150827408,0.006650985684245825,0.06898369640111923,0.00571822514757514,0.07385027408599854,0.09481709450483322,0.030578311532735825,0.08033903688192368,0.01050369068980217,0.005515451543033123,0.0016627464210614562
346,A,0.1604483723640442,0.007729038596153259,0.0691971480846405,0.14547587931156158,0.03654095157980919,0.02290385216474533,0.03111848421394825,0.013111039064824581,0.20686306059360504,0.009630948305130005,0.014729686081409454,0.05835221707820892,0.007850437425076962,0.03115895204246044,0.05883781239390373,0.09958724677562714,0.0074457754381000996,0.0066769178956747055,0.0007283910526894033,0.01161379087716341
347,T,0.05442706122994423,0.004382013343274593,0.01154885720461607,0.08993365615606308,0.045785896480083466,0.007576378062367439,0.09726431220769882,0.03132934868335724,0.060324352234601974,0.28192317485809326,0.05667949840426445,0.06507494300603867,0.0038496190682053566,0.03538373485207558,0.035957079380750656,0.006675403565168381,0.007453517988324165,0.016053730621933937,0.008723072707653046,0.07965435087680817
348,K,0.011313511058688164,0.0,0.05211566761136055,0.02389315515756607,0.008209442719817162,0.554198682308197,0.026221206411719322,0.041333116590976715,0.1200784221291542,0.008740401826798916,0.0,0.10459892451763153,0.0,0.014213363640010357,0.005718019790947437,0.02936611697077751,0.0,0.0,0.0,0.0
349,I,0.08428758382797241,0.028913790360093117,0.028872894123196602,0.007238671649247408,0.10481759905815125,0.17331916093826294,0.001349582802504301,0.1300916075706482,0.01991657167673111,0.10862097144126892,0.022329462692141533,0.008588254451751709,0.0033944053575396538,0.003067233832553029,0.06138557195663452,0.016481269150972366,0.005480124149471521,0.18047603964805603,0.0055619170889258385,0.00580729590728879
350,A,0.04639279842376709,0.0002433188637951389,0.05065087974071503,0.1453019231557846,0.006853481288999319,0.0061235250905156136,0.07749705761671066,0.013017559424042702,0.15183097124099731,0.012084837071597576,0.0015410195337608457,0.050691429525613785,0.14140881597995758,0.05223245173692703,0.09497546404600143,0.029684901237487793,0.08625654131174088,0.03150979429483414,0.0,0.0017032320611178875
351,L,0.028697125613689423,0.044599611312150955,0.0009283177205361426,0.0068614790216088295,0.13355666399002075,0.0003632547741290182,0.06603164225816727,0.05368098244071007,0.001775912125594914,0.10054084658622742,0.018203100189566612,0.0025024216156452894,0.10421375185251236,0.018364546820521355,0.0,0.01832418516278267,0.044962868094444275,0.29367128014564514,0.0004843396891374141,0.06223765015602112
352,Y,0.04666559025645256,0.016510576009750366,0.01166639756411314,0.11924754083156586,0.09482480585575104,0.00040368156624026597,0.038995638489723206,0.16470208764076233,0.03943968936800957,0.05397222563624382,0.007347004488110542,0.01332149188965559,0.006257064640522003,0.037057969719171524,0.014169223606586456,0.02264653705060482,0.019094139337539673,0.15150170028209686,0.0025028258096426725,0.13967382907867432
353,E,0.004659570287913084,0.10933922231197357,0.04458726570010185,0.30889737606048584,0.014018879272043705,0.00028118095360696316,0.005985137540847063,0.04281984269618988,0.026872865855693817,0.02124924771487713,0.06824663281440735,0.02454308047890663,0.001164892571978271,0.018839124590158463,0.18180356919765472,0.01996384747326374,0.04245832562446594,0.004298051819205284,0.004217714536935091,0.0557541660964489
354,T,0.07422282546758652,0.02735159359872341,0.0015262269880622625,0.005703269504010677,0.04787532985210419,0.00658687436953187,0.0005221302853897214,0.002128685126081109,0.0015262269880622625,0.00883605144917965,0.0033737649209797382,0.00040163868106901646,0.003293437184765935,0.000682785757817328,0.0012049160432070494,0.1302514225244522,0.4512009024620056,0.16732268035411835,0.05044581741094589,0.015543417073786259
355,P,0.059641506522893906,0.0,0.012418615631759167,0.026685956865549088,0.0012458804994821548,0.013664496131241322,0.0006028454517945647,0.0036170724779367447,0.2871553599834442,0.2092275470495224,0.0028132786974310875,0.06088738888502121,0.22068162262439728,0.02427457645535469,0.0626155436038971,0.009524958208203316,0.002572140423581004,0.00024113817198667675,0.0,0.00213005393743515
356,T,0.011932982131838799,0.0,0.0,0.0,0.0,0.0,0.0012455302057787776,0.04058017581701279,0.0,0.00490176398307085,0.0006428542546927929,0.003093736246228218,0.022941861301660538,0.0,0.021174011752009392,0.04278998821973801,0.5835108160972595,0.26718631386756897,0.0,0.0
357,G,0.003730894299224019,0.0,0.002086091320961714,0.0,0.0015244514215737581,0.9603642821311951,0.0,0.0,0.0,0.0,0.0,0.018173065036535263,0.0,0.0006418742705136538,0.0005616400158032775,0.012115377001464367,0.0008023428381420672,0.0,0.0,0.0
358,W,0.0042374576441943645,0.0,0.11637017875909805,0.0394563265144825,0.32664400339126587,0.0006396162207238376,0.11708974838256836,0.0,0.0005196881829760969,0.03266040235757828,0.02218668721616268,0.0,0.013551868498325348,0.0029982011765241623,0.0,0.05684589222073555,0.0,0.14983010292053223,0.08251049369573593,0.034459322690963745
359,K,0.0628272220492363,0.00023979856632649899,0.0015586906811222434,0.0013588585425168276,0.0020782542414963245,0.004356340505182743,0.0,0.006514527834951878,0.6301106810569763,0.001998321386054158,0.00039966427721083164,0.0037568442057818174,0.04524199664592743,0.00975180882960558,0.11070700734853745,0.09803764522075653,0.00955197587609291,0.010711003094911575,0.0,0.0007993285544216633
360,F,0.016304999589920044,0.0001998161751544103,0.004076249897480011,0.003197058802470565,0.15381848812103271,0.0013987132115289569,0.1462654322385788,0.0074331616051495075,0.0008791911532171071,0.039124004542827606,0.0,0.15573672950267792,0.001358749927021563,0.002357830759137869,0.0,0.0042760660871863365,0.0,0.002277904422953725,0.23650242388248444,0.2247931957244873
361,F,0.039301835000514984,0.0,0.0,0.0013979310169816017,0.1515357345342636,0.0,0.00119822658598423,0.27071934938430786,0.0,0.24967049062252045,0.0744498148560524,0.0,0.0,0.0006789951003156602,0.0,0.0011183448368683457,0.0,0.2087710201740265,0.0,0.0011582857696339488
362,G,0.08464488387107849,0.01473995391279459,0.0184549018740654,0.029120396822690964,0.002516577485948801,0.20887592434883118,0.13433730602264404,0.0786929801106453,0.1422065943479538,0.03762882575392723,0.03858752176165581,0.0005192937678657472,0.0,0.017016857862472534,0.026084525510668755,0.0412638820707798,0.02860110253095627,0.09167531877756119,0.0007989134755916893,0.00423424132168293
363,N,0.07046189159154892,0.0,0.06108028441667557,0.20575672388076782,0.0,0.009301768615841866,0.07788734138011932,0.004990219138562679,0.08295740187168121,0.0026348356623202562,0.0,0.23481975495815277,0.03896363079547882,0.05525170639157295,0.09301768243312836,0.04459260031580925,0.015609405934810638,0.0023953053168952465,0.0,0.00027945227338932455
364,L,0.1175663098692894,0.005854091607034206,0.0015341758262366056,0.09334248304367065,0.0008074609213508666,0.0709354430437088,0.002382009755820036,0.035810891538858414,0.22524122893810272,0.15773749351501465,0.03968670591711998,0.0016149218427017331,0.002382009755820036,0.03669910132884979,0.11122774332761765,0.005208123009651899,0.0169163066893816,0.06960313022136688,0.0,0.005450361408293247
365,M,0.35436108708381653,0.004686657339334488,0.004396333824843168,0.0007880220655351877,0.020654473453760147,0.019659075886011124,0.0,0.0760233923792839,0.0006635975441895425,0.13889925181865692,0.316743403673172,0.0004976981435902417,0.0,0.002364066196605563,0.0,0.016092240810394287,0.009248890914022923,0.03347019851207733,0.0,0.0014516195515170693
366,D,0.07914059609174728,0.0014184396713972092,0.11714643239974976,0.0841885656118393,0.011264080181717873,0.005548602435737848,0.033458489924669266,0.06474760174751282,0.10358782112598419,0.11068001389503479,0.012765957042574883,0.031873174011707306,0.0005840634112246335,0.13550271093845367,0.1371297389268875,0.015644555911421776,0.014977054670453072,0.033124737441539764,0.00045890695764683187,0.006758448202162981
367,A,0.14885230362415314,0.00468114810064435,0.11546832323074341,0.2809099555015564,0.0,0.02291298843920231,0.013632817193865776,0.002217385917901993,0.1486469805240631,0.019627971574664116,0.0,0.03399991616606712,0.00024637620663270354,0.047468483448028564,0.04677041992545128,0.0829055979847908,0.030016835778951645,0.0008212540415115654,0.0,0.0008212540415115654
368,S,0.04424281418323517,0.004817729350179434,0.023887908086180687,0.0756784975528717,0.12317327409982681,0.1550104320049286,0.03444676473736763,0.01738397218286991,0.08382848650217056,0.030512284487485886,0.0008431026362814009,0.06712702661752701,0.02075638435781002,0.01164284534752369,0.048177290707826614,0.06668540090322495,0.06150634214282036,0.014573630876839161,0.0,0.11570579558610916
369,K,0.009864463470876217,0.013152618892490864,0.2608067989349365,0.05774320289492607,0.0036089501809328794,0.12142112106084824,0.006456010974943638,0.002686662832275033,0.10048921406269073,0.00922287255525589,0.00954366847872734,0.10157189518213272,0.023578474298119545,0.04455048590898514,0.08168257027864456,0.05080599710345268,0.08886037021875381,0.0006415911484509706,0.00124308280646801,0.012069933116436005
370,L,0.16275624930858612,0.02722613699734211,0.0006406150059774518,0.0,0.09132767468690872,0.011010570451617241,0.0023622678127139807,0.23482543230056763,0.006085842382162809,0.10141736268997192,0.002842728979885578,0.0055653429590165615,0.020619794726371765,0.0,0.014413837343454361,0.031270019710063934,0.019859064370393753,0.19911114871501923,0.026105061173439026,0.04256085678935051
371,S,0.04373200982809067,0.018148384988307953,0.007755036931484938,0.015909817069768906,0.00527662318199873,0.20730732381343842,0.014070994220674038,0.07383275032043457,0.01578989438712597,0.16069714725017548,0.013111609034240246,0.0602814182639122,0.05104732885956764,0.009553885087370872,0.01986728422343731,0.09246082603931427,0.02606331929564476,0.15993763506412506,0.0017588742775842547,0.0033978254068642855
372,L,0.040582019835710526,0.01435120590031147,3.9864462451078e-05,3.9864462451078e-05,0.3225034773349762,0.004624277353286743,3.9864462451078e-05,0.17133745551109314,0.0013952561421319842,0.2230815291404724,0.010723539628088474,0.002391867572441697,3.9864462451078e-05,3.9864462451078e-05,3.9864462451078e-05,3.9864462451078e-05,0.000318915699608624,0.15770380198955536,3.9864462451078e-05,0.05066772922873497
373,C,0.20216159522533417,0.08797957748174667,0.0011166945332661271,0.0013958682538941503,0.00869426503777504,0.4394592046737671,0.0,0.01348009891808033,0.0,0.02676078863441944,0.009771077893674374,0.0013559862272813916,0.0,0.0,0.0,0.014277737587690353,0.010528834536671638,0.002392916940152645,0.0006779931136406958,0.1799473613500595
374,G,0.029627269133925438,0.0064909206703305244,0.0,0.0003583944053389132,0.3001752197742462,0.44253742694854736,0.0,0.02026919461786747,0.0013937560142949224,0.002030901610851288,0.010950939729809761,0.012265052646398544,0.0,0.0,0.001353934407234192,0.0,0.0,0.001353934407234192,0.012185409665107727,0.15900763869285583
375,E,0.0,0.0,0.01173522137105465,0.9593046307563782,0.0,0.0,0.0,0.0,0.0,0.0024266052059829235,0.0,0.0009547299123369157,0.0,0.011337417177855968,0.0,0.01109873503446579,0.0027050680946558714,0.0004375845310278237,0.0,0.0
376,E,0.1821730136871338,0.0,0.003026923630386591,0.4057272672653198,0.0009956986177712679,0.053568582981824875,0.01362115703523159,0.00027879560366272926,0.02437470108270645,0.022462960332632065,0.08288194984197617,0.011191652156412601,0.02656523883342743,0.06049864739179611,0.0019117413321509957,0.02696351706981659,0.05428548529744148,0.025808507576584816,0.002110881032422185,0.0015532898250967264
377,S,0.1503858119249344,0.0012727706925943494,0.010898098349571228,0.006602497771382332,0.0,0.00039774083415977657,0.002108026295900345,0.0,0.001471641124226153,0.0,0.0013523187953978777,0.25626441836357117,0.0010739002609625459,0.0,0.003062604460865259,0.5482459664344788,0.003738763742148876,0.0,0.0017898337682709098,0.011335614137351513
378,F,0.10315722227096558,0.0002786956902127713,0.002786956960335374,0.0008759007905609906,0.09161125868558884,0.5254210233688354,0.00497670890763402,0.12051598727703094,0.003901739837601781,0.06903690844774246,0.0029063981492072344,0.022375283762812614,0.0008759007905609906,0.0,0.0,0.005812796298414469,0.004100808408111334,0.005852609872817993,0.0,0.03551379591226578
379,G,0.0014746910892426968,0.0,0.0,0.000996412942185998,0.0,0.49166998267173767,0.47126343846321106,0.0,0.0013949780259281397,0.0008768433472141623,0.0010761258890852332,0.0017935432260856032,0.0,0.01662016659975052,0.006297329440712929,0.0024711040314286947,0.0025906735099852085,0.0,0.0,0.0014746910892426968
380,T,0.09764081239700317,0.034808989614248276,0.0,0.0,0.18414434790611267,0.05233323946595192,0.001516905496828258,0.09492634981870651,0.0,0.009460699744522572,0.008103469386696815,0.0,0.0005987784825265408,0.0013572312891483307,0.0,0.010139315389096737,0.2623448073863983,0.04614586383104324,0.0019160911906510592,0.194563090801239
381,G,0.024485720321536064,0.008228479884564877,0.002476532943546772,0.0003195526369381696,0.20367485284805298,0.15402436256408691,0.0012782105477526784,0.1539444774389267,0.0009986018994823098,0.1480327546596527,0.12985819578170776,0.04389854148030281,0.001437986851669848,0.0008787697297520936,0.0009986018994823098,0.02236868441104889,0.02596365101635456,0.07461553812026978,0.0,0.0025164769031107426
382,S,0.03911273926496506,0.010622710920870304,0.03838013857603073,0.030728530138731003,0.04920634999871254,0.1339845359325409,0.015995116904377937,0.022873422130942345,0.061945460736751556,0.10533170402050018,0.005006105173379183,0.009808709844946861,0.12043142318725586,0.009157509543001652,0.07326007634401321,0.224094420671463,0.03789173811674118,0.010052910074591637,0.00028490027762018144,0.0018315018387511373
383,D,0.022412816062569618,0.0013755158288404346,0.20555870234966278,0.09381826967000961,0.026943927630782127,0.031232301145792007,0.026984384283423424,0.060037218034267426,0.05635569244623184,0.021725058555603027,0.003357876790687442,0.06663160771131516,0.06715753674507141,0.05073225870728493,0.05902581289410591,0.0637187510728836,0.08985354751348495,0.04385467991232872,0.0,0.00922404695302248
384,H,0.054861944168806076,0.001920768292620778,0.0002801120572257787,0.004601840861141682,0.19163665175437927,0.020368147641420364,0.15306122601032257,0.012204881757497787,0.025890355929732323,0.07823128998279572,0.024649860337376595,0.09887955337762833,0.028731493279337883,0.007242897059768438,0.015166066586971283,0.07166866958141327,0.008163264952600002,0.05222088843584061,0.08503401279449463,0.06518607586622238
385,I,0.12105432152748108,0.029722800478339195,0.0006809806218370795,0.018266303464770317,0.06713667511940002,0.026758532971143723,0.039456818252801895,0.1065133810043335,0.003324787598103285,0.06857874989509583,0.0027639800682663918,0.02912193536758423,0.00040057682781480253,0.08988944441080093,0.007010094355791807,0.056721679866313934,0.04638679698109627,0.21727287769317627,0.010214708745479584,0.05872456356883049
386,R,0.05149992182850838,0.0010770703665912151,0.007140577770769596,0.02341630682349205,0.03275091573596001,0.08141854405403137,0.027245890349149704,0.02349609136581421,0.025530556216835976,0.06705760210752487,0.005624700803309679,0.016953885555267334,0.11632359772920609,0.012286580167710781,0.1920376569032669,0.02038455381989479,0.18346098065376282,0.01464017853140831,0.02632838673889637,0.07132599502801895
387,E,0.038575075566768646,0.05696505680680275,0.3091989755630493,0.12398276478052139,0.04671294242143631,0.032870590686798096,0.005864049773663282,0.002273815218359232,0.0005584809114225209,0.031235041096806526,0.0,0.022498803213238716,0.0,0.0013164193369448185,0.0,0.05393330007791519,0.1458832025527954,0.08082016557455063,0.0017951172776520252,0.04551619663834572
388,K,0.0009966512443497777,0.000518258661031723,0.18673257529735565,0.00944825354963541,0.012996332719922066,0.23046563565731049,0.0,0.002391963033005595,0.4063546359539032,0.0017142401775345206,0.0,0.013195662759244442,0.026311593130230904,0.0,0.09221017360687256,0.00940838735550642,0.0037474087439477444,0.000518258661031723,0.0,0.002989953849464655
389,D,0.0004778591974172741,0.005495380610227585,0.8727700114250183,0.017402037978172302,0.0,0.0,0.0,0.0,0.005614845547825098,0.0,0.0,0.01999044232070446,0.003305192803964019,0.0,0.0,0.06283847987651825,0.004619305487722158,0.007486460730433464,0.0,0.0
390,G,0.3150412142276764,0.004022141918540001,0.0,0.0,0.0,0.5951575040817261,0.0,0.0015132810221984982,0.012265540659427643,0.0,0.0,0.001831866567954421,0.022858507931232452,0.009557564742863178,0.0003982318448834121,0.03560192883014679,0.001752220094203949,0.0,0.0,0.0
391,L,0.04184750095009804,0.0075253830291330814,0.0025880946777760983,0.002508461009711027,0.04929324984550476,0.0014334063744172454,0.01596655324101448,0.3927931487560272,0.013537726365029812,0.1958988606929779,0.07999203354120255,0.015687836334109306,0.0027871790807694197,0.002747362246736884,0.001552856876514852,0.01337845902889967,0.012263587675988674,0.14266374707221985,0.0,0.005534541327506304
392,W,0.051093146204948425,0.00015929274377413094,0.01979212276637554,0.0005575246177613735,0.02731870487332344,0.0031460316386073828,0.006053124088793993,0.11612440645694733,0.004977898206561804,0.13874398171901703,0.030504560098052025,0.02500895969569683,0.0008362868684343994,0.03823025897145271,0.011827485635876656,0.20576639473438263,0.06268168985843658,0.06268168985843658,0.08506232500076294,0.109434112906456
393,A,0.42413243651390076,0.010809732601046562,0.09010770171880722,0.014319904148578644,0.0,0.028081372380256653,0.0,0.007140007801353931,0.014639010652899742,0.056960511952638626,0.03286796808242798,0.03673713654279709,0.07207818329334259,0.0011966493912041187,0.0006382130086421967,0.08089350163936615,0.10554447770118713,0.023853210732340813,0.0,0.0
394,V,0.4075833261013031,0.024466173723340034,0.015326282009482384,0.0,0.030812213197350502,0.048812612891197205,0.0,0.0684095025062561,0.0023149072658270597,0.08756735175848007,0.0627419650554657,0.002674116985872388,0.0,0.002155258320271969,0.0006785072619095445,0.08784673362970352,0.005547794979065657,0.11143483966588974,0.033566154539585114,0.008062263019382954
395,L,0.13252340257167816,0.008524198085069656,0.0,0.0,0.017964549362659454,0.01394144631922245,0.005616411101073027,0.0706632137298584,0.01732722483575344,0.5136427283287048,0.05054770037531853,0.013543118722736835,0.010635331273078918,0.0,0.000995817594230175,0.009838677942752838,0.027843059971928596,0.10611432045698166,0.0,0.0002788289275486022
396,A,0.1569908708333969,0.01510140672326088,0.0010758257703855634,0.022233733907341957,0.049926284700632095,0.002669641748070717,0.0256604366004467,0.059847790747880936,0.059489183127880096,0.22656095027923584,0.042594730854034424,0.0019125791732221842,0.0,0.07128342241048813,0.11467505991458893,0.011316093616187572,0.018886718899011612,0.0994541198015213,0.00023907239665277302,0.020082080736756325
397,W,0.12727490067481995,0.021504519507288933,0.0,0.0,0.09414201229810715,0.0,0.0,0.21018676459789276,0.0,0.20007167756557465,0.01831866428256035,0.0,0.0012743419501930475,0.00207080552354455,0.0,0.010513320565223694,0.03018597513437271,0.19286368787288666,0.09159332513809204,0.0
398,L,0.22956112027168274,0.039382945746183395,0.000677641830407083,0.13190098106861115,0.0013951448490843177,0.013831865042448044,0.0038266831543296576,0.04655797779560089,0.0,0.42719337344169617,0.017698409035801888,0.0,0.0002391676971456036,0.0049826605245471,0.0,0.0178977157920599,0.020010363310575485,0.04432574659585953,0.0005181966698728502,0.0
399,S,0.1303962618112564,0.007127899676561356,0.030404316261410713,0.307949423789978,0.02255154587328434,0.008497100323438644,0.03165270760655403,0.009624677710235119,0.04929123818874359,0.07095682621002197,0.017839884385466576,0.06064755097031593,0.0,0.0670103058218956,0.03241784870624542,0.0954010933637619,0.021464239805936813,0.03515625,0.0,0.001610824721865356
400,I,0.1237354427576065,0.004957478493452072,0.00016121882072184235,0.010680746287107468,0.00898794922977686,0.0024182822089642286,0.0037483375053852797,0.25206562876701355,0.00781911239027977,0.2319938689470291,0.13425496220588684,0.0022973681334406137,0.00020152352226432413,0.00527991633862257,0.008826729841530323,0.038410384207963943,0.05287976935505867,0.07698198407888412,0.028414815664291382,0.0058844867162406445
401,L,0.14737434685230255,0.009401743300259113,0.0,0.0021294548641890287,0.05331672728061676,0.0,0.0,0.05733456462621689,0.001486600493080914,0.4725782573223114,0.07095503807067871,0.0,0.0,0.006107115652412176,0.0010044598020613194,0.014343686401844025,0.037406083196401596,0.08007553219795227,0.001526778913103044,0.044959619641304016
402,A,0.41282668709754944,0.028065942227840424,0.035544831305742264,0.011298753321170807,0.0023321269545704126,0.019742662087082863,0.0069963810965418816,0.02070767991244793,0.07330116629600525,0.03964615985751152,0.00032167270546779037,0.03783675283193588,0.0,0.06948130577802658,0.06976276636123657,0.10269401222467422,0.03474065288901329,0.02935263328254223,0.00016083635273389518,0.0051869722083210945
403,T,0.12515969574451447,0.001831189845688641,0.026956817135214806,0.0807001143693924,0.016821395605802536,0.022187206894159317,0.06119580939412117,0.059364620596170425,0.09956562519073486,0.1001618281006813,0.0047270250506699085,0.0541265644133091,0.001490503316745162,0.04028617590665817,0.05838514491915703,0.059875648468732834,0.06566731631755829,0.106294184923172,0.0010220594704151154,0.014181074686348438
404,R,0.01515650749206543,0.0,0.027182865887880325,0.07339373975992203,0.011985172517597675,0.027677100151777267,0.009555189870297909,0.06948105245828629,0.17850083112716675,0.0890444815158844,0.010172981768846512,0.043780889362096786,0.007207578048110008,0.09258648753166199,0.1369851678609848,0.08175452798604965,0.11313838511705399,0.00432454701513052,0.0,0.008072488009929657
405,K,0.008774754591286182,0.0030590887181460857,0.03779584541916847,0.037554338574409485,0.00040251167956739664,0.422435998916626,0.005514409858733416,0.0005232651601545513,0.11081146448850632,0.004950893577188253,0.009338270872831345,0.2593785226345062,0.01428916398435831,0.016583481803536415,0.01396715547889471,0.032643698155879974,0.018837546929717064,0.0021333119366317987,0.0,0.0010062791407108307
406,Q,0.03668653219938278,0.008456829935312271,0.018605025485157967,0.04482119902968407,0.00390625,0.017960695549845695,0.0014900128589943051,0.04671391844749451,0.25273841619491577,0.13096004724502563,0.056781571358442307,0.0033827319275587797,0.009987113066017628,0.14263853430747986,0.07744039595127106,0.04196198284626007,0.019571520388126373,0.04300902038812637,0.03237757831811905,0.010510631836950779
407,S,0.02109704725444317,0.007554751820862293,0.08225838840007782,0.011251757852733135,0.0,0.023789431899785995,0.0015672091394662857,0.0,0.05887080729007721,0.02073538303375244,0.0022503517102450132,0.04122965782880783,0.06638537347316742,0.005947357974946499,0.010166767053306103,0.2857946455478668,0.35173800587654114,0.007996785454452038,0.0,0.0013662849087268114
408,V,0.03284554183483124,0.0008442550315521657,0.0,0.0,0.052665434777736664,0.0,0.0,0.17202702164649963,0.0003618235932663083,0.4206400215625763,0.029548926278948784,0.00040202619857154787,0.09302886575460434,0.0005226340726949275,0.0005226340726949275,0.01073409989476204,0.004462490789592266,0.18091179430484772,0.0,0.0004824314673896879
409,E,0.07121601700782776,0.0021312530152499676,0.04354994371533394,0.07925848662853241,0.008685861714184284,0.108814537525177,0.05706128478050232,0.02131253108382225,0.03735724464058876,0.024288242682814598,0.005106964614242315,0.030963487923145294,0.044354189187288284,0.08283738046884537,0.02497185207903385,0.23789608478546143,0.03755830600857735,0.013310277834534645,0.03253176808357239,0.0367942750453949
410,D,0.03205566480755806,0.0,0.3920685350894928,0.2457869052886963,0.0,0.011945460923016071,0.003981820307672024,0.0018903592135757208,0.030808832496404648,0.002373004099354148,0.004022040870040655,0.013634718023240566,0.0006435265531763434,0.1649438887834549,0.0142380241304636,0.03756586089730263,0.029722880572080612,0.014318465255200863,0.0,0.0
411,I,0.09041569381952286,0.033408377319574356,0.001085470779798925,0.017166519537568092,0.0174077358096838,0.011457746848464012,0.016000643372535706,0.15417705476284027,0.04703706502914429,0.2537589371204376,0.027739807963371277,0.0004422288329806179,0.00217094155959785,0.06878668814897537,0.05085631459951401,0.0014874970074743032,0.012462812475860119,0.04896679148077965,0.1107984259724617,0.034373242408037186
412,L,0.0674772560596466,0.021342646330595016,0.003535549622029066,0.0008192126988433301,0.04436683654785156,0.0019402406178414822,0.008192126639187336,0.1352994441986084,0.009097572416067123,0.4126676023006439,0.021816927939653397,0.007847195491194725,0.0004311645752750337,0.008881989866495132,0.025999223813414574,0.01741904951632023,0.013366102240979671,0.12176087498664856,0.010046134702861309,0.0676928386092186
413,K,0.12256738543510437,0.02002498134970665,0.14787058532238007,0.1262742280960083,0.0008461259421892464,0.025625528767704964,0.013135097920894623,0.00551996473222971,0.08433055132627487,0.03033965826034546,0.010798178613185883,0.13509811460971832,0.0,0.06777065992355347,0.049719974398612976,0.10624924302101135,0.04536846652626991,0.0063660903833806515,0.0,0.002095168922096491
414,D,0.10844330489635468,0.0006179105839692056,0.1987023949623108,0.24968001246452332,0.0,0.04109105467796326,0.0009710023296065629,0.0006179105839692056,0.05565609037876129,0.002648188266903162,0.017742861062288284,0.0606435090303421,0.005517058540135622,0.07635609060525894,0.04846184328198433,0.0600697360932827,0.0696914866566658,0.0015889129135757685,0.0,0.0015006399480625987
415,H,0.014749757945537567,0.005757028236985207,0.0,0.0013867294183000922,0.11749380081892014,0.023994620889425278,0.06547043472528458,0.1664075255393982,0.00025213262415491045,0.4181199371814728,0.07736269384622574,0.00037819892168045044,0.00016808841610327363,0.004034121986478567,0.027608521282672882,0.0065554482862353325,0.0008824641699902713,0.05912509933114052,0.0004202210402581841,0.009833171963691711
416,W,0.03746543824672699,0.013179723173379898,0.008847925812005997,0.021797234192490578,0.06695852428674698,0.002811059821397066,0.01165898609906435,0.02898617461323738,0.005345622077584267,0.03437788039445877,0.022811060771346092,0.0023041474632918835,0.16963133215904236,0.016635945066809654,0.02640553005039692,0.03585253283381462,0.033640552312135696,0.018755760043859482,0.10276497900485992,0.339769572019577
417,H,0.16111421585083008,0.0,0.04827408492565155,0.15337660908699036,0.0015045350883156061,0.013626789674162865,0.018871169537305832,0.008855263702571392,0.15999655425548553,0.01642092503607273,0.012853028252720833,0.05111120641231537,0.014658470638096333,0.076043501496315,0.06198684498667717,0.03064952977001667,0.11885827034711838,0.049305763095617294,0.0017194687388837337,0.0007737608975730836
418,K,0.0418003685772419,0.0043640099465847015,0.13639669120311737,0.11573182791471481,0.0037650279700756073,0.0009412569925189018,0.003465537214651704,0.044752493500709534,0.1464938223361969,0.03037692978978157,0.013391519896686077,0.018568433821201324,0.06327813863754272,0.03456980362534523,0.1374235302209854,0.026611901819705963,0.09297052025794983,0.03675180673599243,0.0002567064657341689,0.04808967560529709
419,F,0.02685454860329628,0.004625664092600346,0.01135000865906477,0.0028267945162951946,0.22627206146717072,0.0,0.0684426948428154,0.04689909145236015,0.001456227502785623,0.1614699363708496,0.004839815199375153,0.002312832046300173,0.015119068324565887,0.0010279252892360091,0.013277368620038033,0.001884529716335237,0.022014733403921127,0.05576494708657265,0.006724344566464424,0.326837420463562
420,G,0.03074769861996174,0.0013995504705235362,0.0005937487003393471,0.014928538352251053,0.01628567837178707,0.43250349164009094,0.005386148579418659,0.004198651295155287,0.00933033600449562,0.00525891687721014,0.0041138301603496075,0.011281224898993969,0.2894100546836853,0.031171806156635284,0.008736588060855865,0.06370075047016144,0.04499766603112221,0.0146316634491086,0.0,0.011323635466396809
421,R,0.06923282891511917,0.009934955276548862,0.011048738844692707,0.04651162773370743,0.027978258207440376,0.0006682705134153366,0.017686892300844193,0.0063262940384447575,0.021562861278653145,0.08696427196264267,0.0004900650237686932,0.029537556692957878,0.009133030660450459,0.11783836781978607,0.1295553743839264,0.12238260358572006,0.09342421591281891,0.05123407393693924,0.01782054640352726,0.13066916167736053
422,N,0.026706630364060402,0.013241478241980076,0.0011183681199327111,0.013509886339306831,0.09546390175819397,0.0,0.1443142145872116,0.03234320506453514,0.022635769098997116,0.08700903505086899,0.008410127833485603,0.06491008400917053,0.13442784547805786,0.003399838926270604,0.016820255666971207,0.15598997473716736,0.027288181707262993,0.06370224803686142,0.003131430596113205,0.08557752519845963
423,F,0.07332159578800201,0.00965884793549776,0.007612884975969791,0.09939572960138321,0.07370223850011826,0.048627302050590515,0.05053052306175232,0.11857067793607712,0.05000713840126991,0.12323357164859772,0.026312032714486122,0.010277394205331802,0.0067088548094034195,0.01346528995782137,0.014559642411768436,0.010229813866317272,0.06447161734104156,0.07527239620685577,0.0036161202006042004,0.12042631953954697
424,F,0.0062594180926680565,0.018082763999700546,0.026602527126669884,0.22980178892612457,0.06224643439054489,0.012576794251799583,0.009041381999850273,0.011185811832547188,0.00631737569347024,0.010316448286175728,0.03952706605195999,0.11290135979652405,0.004057030193507671,0.016286078840494156,0.0035354120191186666,0.11533557623624802,0.10681580752134323,0.003361539449542761,0.011533557437360287,0.1942158341407776
425,T,0.16606876254081726,0.027429770678281784,0.053700536489486694,0.03642585128545761,0.013356145471334457,0.03708814084529877,0.0057398308999836445,0.07141674309968948,0.13731442391872406,0.047739941626787186,0.01992383599281311,0.025277333334088326,0.004856780171394348,0.027816103771328926,0.10778740793466568,0.08256526291370392,0.08819471299648285,0.026546718552708626,0.001103813643567264,0.019647883251309395
426,R,0.02047252282500267,0.011011735536158085,0.0004135862982366234,0.019903840497136116,0.0,0.0004135862982366234,0.0002067931491183117,0.043374862521886826,0.053042445331811905,0.08855916559696198,0.00031018973095342517,0.15866205096244812,0.035051438957452774,0.1729307770729065,0.29033759236335754,0.015716278925538063,0.0700511783361435,0.01954195275902748,0.0,0.0
427,Y,0.008710801601409912,0.00042491714702919126,0.013937282375991344,0.021245857700705528,0.07873714715242386,0.03726523369550705,0.025155095383524895,0.1843290627002716,0.03811506927013397,0.19185009598731995,0.012110138311982155,0.0143197076395154,0.0,0.00862581841647625,0.059318434447050095,0.09059233218431473,0.02676977962255478,0.11158324033021927,0.0,0.07691000401973724
428,D,0.06033552065491676,0.0033635080326348543,0.19138775765895844,0.014367577619850636,0.0,0.01968275010585785,0.007266838103532791,0.008969354443252087,0.13831907510757446,0.014907400123775005,0.00016609915473964065,0.13769620656967163,0.002782160881906748,0.05846690386533737,0.05892367660999298,0.14047837257385254,0.03870110586285591,0.002740636235103011,0.0,0.10144506394863129
429,Y,0.07435939460992813,0.022657988592982292,0.0020598170813173056,0.00037076708395034075,0.09330971539020538,0.0018538354197517037,0.011123011820018291,0.24668370187282562,0.005190738942474127,0.1096646636724472,0.0034192963503301144,0.0,0.007168163545429707,0.002018620725721121,0.004984757397323847,0.01800280064344406,0.007621323224157095,0.22509680688381195,0.0023893879260867834,0.16202521324157715
430,E,0.05387246981263161,0.000659494660794735,0.0235357154160738,0.1609579175710678,0.022340381518006325,0.006017888896167278,0.026091257110238075,0.052759572863578796,0.13581468164920807,0.06648530811071396,0.0029677259735763073,0.03404641151428223,0.10972342640161514,0.028069742023944855,0.12563373148441315,0.035983677953481674,0.08857837319374084,0.024813486263155937,0.001195334130898118,0.0004534025792963803
431,E,0.08436610549688339,0.12447663396596909,0.022483671084046364,0.03969184309244156,0.07879751920700073,0.07796014100313187,0.007201473694294691,0.03387204930186272,0.024074694141745567,0.14591358602046967,0.010509127750992775,0.07410819083452225,0.0,0.020013397559523582,0.004689331632107496,0.024660861119627953,0.020934516564011574,0.2022693008184433,0.0005024283891543746,0.0034751298371702433
432,V,0.11319836974143982,0.028067538514733315,0.06378182768821716,0.06059936434030533,0.03558168187737465,0.017680339515209198,0.0313384011387825,0.03306223452091217,0.10046853125095367,0.02130480855703354,0.02850954793393612,0.03686350956559181,0.07651166617870331,0.006320721469819546,0.007425742689520121,0.10338578373193741,0.09450141340494156,0.08831329643726349,0.027448726817965508,0.025636492297053337
433,E,0.0340363048017025,0.0029364656656980515,0.346235990524292,0.07786083221435547,0.00031144332024268806,0.07603666186332703,0.021311622112989426,0.0,0.02300231344997883,0.0031144332606345415,0.0020466274581849575,0.04960847273468971,0.17614343762397766,0.007741590961813927,0.037462182343006134,0.08756006509065628,0.05343477427959442,0.0,0.0,0.0011567894835025072
434,A,0.07862664014101028,0.0009484516340307891,0.03300611674785614,0.06662873178720474,0.03272158280014992,0.021529853343963623,0.001470100018195808,0.030350452288985252,0.057713281363248825,0.059183381497859955,0.03329065442085266,0.02532365918159485,0.1370038390159607,0.051690615713596344,0.14032341539859772,0.06383079290390015,0.07132356613874435,0.06274008005857468,0.0285958182066679,0.003698961343616247
435,E,0.11449015885591507,0.0011180680012330413,0.08670616894960403,0.2565965950489044,0.0220259390771389,0.04259838908910751,0.003521914128214121,0.011572003364562988,0.0699351504445076,0.017777280882000923,0.02029293403029442,0.044834524393081665,0.030914580449461937,0.11476967483758926,0.02118738740682602,0.08027727901935577,0.052213773131370544,0.008217799477279186,0.0006149373948574066,0.0003354203945491463
436,G,0.10858115553855896,0.0025003990158438683,0.09246156364679337,0.07767196744680405,0.007713996805250645,0.06586157530546188,0.002766398945823312,0.03282438591122627,0.11299675703048706,0.048411980271339417,0.016491994261741638,0.03394158557057381,0.011331595480442047,0.11358195543289185,0.04601798206567764,0.03559078648686409,0.09937755763530731,0.06671277433633804,0.002659998834133148,0.02250359021127224
437,A,0.1449824869632721,0.006478859577327967,0.00388731574639678,0.018524739891290665,0.0010078225750476122,0.02941882237792015,0.020588375627994537,0.17344146966934204,0.2198973000049591,0.06334885209798813,0.015693238005042076,0.01670106127858162,0.004751164000481367,0.017276959493756294,0.02629937045276165,0.07438690960407257,0.04280846565961838,0.031146518886089325,0.0877765491604805,0.0015837212558835745
438,T,0.13724865019321442,0.008800328709185123,0.0980803444981575,0.061647895723581314,0.03155351057648659,0.04979253187775612,0.042679313570261,0.003830194706097245,0.16693265736103058,0.030094387009739876,0.015229583717882633,0.07756144553422928,0.021385254338383675,0.05681455507874489,0.03898591175675392,0.023665132001042366,0.06374538689851761,0.024166705086827278,0.0,0.04778623953461647
439,K,0.1304493099451065,0.006263570860028267,0.05482712388038635,0.1081092357635498,0.007140471134334803,0.03712209686636925,0.027434442192316055,0.008601970970630646,0.16368798911571503,0.016452312469482422,0.002213128376752138,0.041924167424440384,0.023008184507489204,0.06714548170566559,0.11996826529502869,0.07349256426095963,0.0709453821182251,0.02346751280128956,0.000334057112922892,0.01741272769868374
440,M,0.04875613749027252,0.009776188060641289,0.007488143630325794,0.012230634689331055,0.025459688156843185,0.011440219357609749,0.0022880439646542072,0.298527330160141,0.0030784590635448694,0.2693651616573334,0.05383143201470375,0.0010816208086907864,0.0015392295317724347,0.006406522821635008,0.001996838254854083,0.00890257116407156,0.04584408178925514,0.19065645337104797,0.0010816208086907864,0.0002496047818567604
441,M,0.019813906401395798,0.011381573043763638,0.0035723187029361725,0.026584697887301445,0.17280052602291107,0.0260862335562706,0.0,0.15822048485279083,0.04054166376590729,0.12071114033460617,0.19032981991767883,0.0044030905701220036,0.014164659194648266,0.012710808776319027,0.00614771107211709,0.0260446947067976,0.0033230872359126806,0.07431253790855408,0.002035390818491578,0.08681565523147583
442,K,0.11131740361452103,0.0006601476925425231,0.13145191967487335,0.17696084082126617,0.00024755537742748857,0.02244502119719982,0.01691628433763981,0.0011965177254751325,0.11564962565898895,0.0100259929895401,0.00033007384627126157,0.06221892312169075,0.009819697588682175,0.05900070071220398,0.06692247092723846,0.11412303149700165,0.0984857827425003,0.0018979246960952878,0.0,0.00033007384627126157
443,D,0.09014562517404556,0.0008687737863510847,0.1259721964597702,0.0714876726269722,0.005088532343506813,0.00889458879828453,0.047575708478689194,0.012576534412801266,0.12262121587991714,0.06859175860881805,0.008563627488911152,0.043314579874277115,0.006329637486487627,0.02999338135123253,0.14570577442646027,0.07417673617601395,0.10814165323972702,0.003350984537974,0.0014065861469134688,0.0251944400370121
444,L,0.013796522282063961,0.014457433484494686,0.0038415465969592333,0.0030567145440727472,0.07137840986251831,0.004130695015192032,0.004419843666255474,0.12325994670391083,0.013507373631000519,0.44384318590164185,0.029699698090553284,0.002891486743465066,0.0012805154547095299,0.00028914865106344223,0.016646701842546463,0.0405634269118309,0.10702631622552872,0.0675368681550026,0.008344003930687904,0.030030153691768646
445,E,0.0776229277253151,0.0016128364950418472,0.06157727167010307,0.09916877001523972,0.002977544441819191,0.011496629565954208,0.002357222605496645,0.07510028779506683,0.0727844163775444,0.015383979305624962,0.005376121960580349,0.03155370056629181,0.10293205082416534,0.06401720643043518,0.2597493827342987,0.04185103997588158,0.022621065378189087,0.04702038690447807,0.0004549026198219508,0.004342252388596535
446,A,0.23144957423210144,0.004941245075315237,0.05003529414534569,0.15841050446033478,0.0009135074797086418,0.016650749370455742,0.011709504760801792,0.004609060473740101,0.06527426093816757,0.00398621428757906,0.0009135074797086418,0.19657018780708313,0.024124901741743088,0.030021177604794502,0.0450110025703907,0.09620894491672516,0.039114728569984436,0.017647303640842438,0.0015778765082359314,0.0008304613293148577
447,L,0.04475489258766174,0.0,0.05433327704668045,0.15614020824432373,0.04362556338310242,0.016228877007961273,0.04391835257411003,0.03572026267647743,0.0934833511710167,0.09917182475328445,0.022502927109599113,0.06491550803184509,0.0015057721175253391,0.07733812928199768,0.0724443718791008,0.04178517684340477,0.044294796884059906,0.028065919876098633,0.0030533713288605213,0.056717418134212494
448,M,0.07616325467824936,0.005548316519707441,0.029843218624591827,0.027447354048490524,0.07183388620615005,0.03051574155688286,0.009793619625270367,0.07406161725521088,0.014333151280879974,0.11298390477895737,0.010255979374051094,0.025471817702054977,0.1422806978225708,0.09255600720643997,0.0893615260720253,0.03829178959131241,0.04682442918419838,0.06813500821590424,0.0002521962160244584,0.034046489745378494
449,F,0.054724302142858505,0.014870231971144676,0.07001016288995743,0.07726055383682251,0.011175764724612236,0.047612451016902924,0.0056802439503371716,0.0320495069026947,0.08875958621501923,0.0743049755692482,0.0014777870383113623,0.028539761900901794,0.11046458035707474,0.0929158553481102,0.05139927938580513,0.06728549301624298,0.0887134000658989,0.06566916406154633,0.0003232659073546529,0.01676364615559578
450,D,0.13223792612552643,0.0002870058233384043,0.06328478455543518,0.11193227022886276,0.0043768384493887424,0.017292100936174393,0.031283631920814514,0.0004305087204556912,0.22494080662727356,0.009112434461712837,0.0033005669247359037,0.07182320207357407,0.1480949968099594,0.040180813521146774,0.036377985030412674,0.08201190829277039,0.006098873447626829,0.001578531926497817,0.0002152543602278456,0.015139556489884853
451,R,0.05823906883597374,0.02728523313999176,0.02911953441798687,0.059844084084033966,0.0009935799753293395,0.009859370067715645,0.005808621179312468,0.0010700091952458024,0.187328040599823,0.05128401145339012,0.019795170053839684,0.011846530251204967,0.07107917964458466,0.03171812742948532,0.033093854784965515,0.056863345205783844,0.18511158227920532,0.15866707265377045,0.0,0.0009935799753293395
452,S,0.05211632698774338,0.0014396775513887405,0.02152317948639393,0.1782320737838745,0.002159516327083111,0.012813129462301731,0.015764469280838966,0.010725597850978374,0.1318744570016861,0.007270371541380882,0.004031097050756216,0.06125827878713608,0.007918226532638073,0.06147423014044762,0.025626258924603462,0.22199827432632446,0.11157500743865967,0.02447451837360859,0.021883098408579826,0.02584221214056015
453,F,0.034445784986019135,0.004288969095796347,0.004758075345307589,0.005294196307659149,0.0890631303191185,0.01541348360478878,0.01802707463502884,0.19059106707572937,0.018429165706038475,0.33212706446647644,0.01105749886482954,0.007438681088387966,0.0,0.0022114997263997793,0.0012732878094539046,0.035249967128038406,0.018228119239211082,0.16767188906669617,0.003551802597939968,0.04087923839688301
454,V,0.34126657247543335,0.011626316234469414,0.02044863812625408,0.04048693925142288,0.0027356038335710764,0.09957598149776459,0.0006155108567327261,0.02516755647957325,0.0652441531419754,0.06278210878372192,0.00253043370321393,0.04677882790565491,0.09622486680746078,0.042607031762599945,0.0030775542836636305,0.027903160080313683,0.016413623467087746,0.06107235699892044,0.0,0.03344275802373886
455,G,0.015275504440069199,0.0,0.12650027871131897,0.061442989856004715,0.003409710945561528,0.5007501244544983,0.002318603452295065,0.0005455537466332316,0.042280413210392,0.0022504092194139957,0.001022913260385394,0.08722040057182312,0.06846699118614197,0.0034779051784425974,0.024686306715011597,0.03436988592147827,0.025504637509584427,0.0,0.0,0.00047735951375216246
456,K,0.02292829006910324,0.013267111033201218,0.09980949759483337,0.09144101291894913,0.08871955424547195,0.01612464338541031,0.014423730783164501,0.015240169130265713,0.11600217968225479,0.0532725527882576,0.009525105357170105,0.03388215973973274,0.013879439793527126,0.06749217212200165,0.15811675786972046,0.07293509691953659,0.04204653576016426,0.04102598875761032,0.01245067361742258,0.017417335882782936
457,Q,0.11119392514228821,0.0,0.0653882622718811,0.05935763567686081,0.0016939964843913913,0.012942133471369743,0.01450060959905386,0.020260198041796684,0.1946740746498108,0.008876541629433632,0.005014229565858841,0.02866242080926895,0.15137553215026855,0.0368613637983799,0.12569454312324524,0.06782761961221695,0.06843745708465576,0.019853638485074043,0.0,0.007385824806988239
458,F,0.03107157163321972,0.048333555459976196,0.0014606293989345431,0.009892444126307964,0.09726464003324509,0.0,0.0,0.30520516633987427,0.0008630991796962917,0.0634709894657135,0.012481742538511753,0.0,0.0,0.0,0.0,0.0007303146994672716,0.014407116919755936,0.3628336191177368,0.00046474570990540087,0.05152038112282753
459,S,0.038970377296209335,0.0,0.0340811051428318,0.06535806506872177,0.03796376287937164,0.0728357806801796,0.005823986139148474,0.11683923006057739,0.05859936773777008,0.138337641954422,0.0034512511920183897,0.010857060551643372,0.018262870609760284,0.013373597525060177,0.013661202043294907,0.0938308909535408,0.16760137677192688,0.10785159468650818,0.0,0.0023008340504020452
460,A,0.20108236372470856,0.01107728760689497,0.0843057632446289,0.05843057483434677,0.0,0.05952984839677811,0.04904447868466377,0.036783359944820404,0.1244715005159378,0.01826483942568302,0.0005919160903431475,0.020801624283194542,0.005580923520028591,0.034246575087308884,0.06916962563991547,0.08980213105678558,0.0656181275844574,0.07052257657051086,0.0,0.0006764755817130208
461,N,0.004027261398732662,0.020755885168910027,0.025867410004138947,0.009603469632565975,0.12128252536058426,0.0546778179705143,0.07156133651733398,0.09448575228452682,0.06335192173719406,0.012546468526124954,0.002478314796462655,0.018432466313242912,0.001548946718685329,0.0,0.014095415361225605,0.07125154882669449,0.0895291194319725,0.19702602922916412,0.09061338007450104,0.036864932626485825
462,D,0.005970630794763565,0.0,0.10069388151168823,0.16524124145507812,0.0011295787990093231,0.030498627573251724,0.009036630392074585,0.057124413549900055,0.03372599557042122,0.015168629586696625,0.0012909471988677979,0.07422946393489838,0.004034209996461868,0.039051152765750885,0.13877682387828827,0.15346135199069977,0.02388252317905426,0.13845409452915192,0.0,0.008229788392782211
463,K,0.02525469847023487,0.0,0.22858372330665588,0.0961400493979454,0.0030133447144180536,0.0439087375998497,0.014492753893136978,0.008753049187362194,0.07619457691907883,0.017506098374724388,0.0,0.008035586215555668,0.0,0.013201320543885231,0.3816903531551361,0.0274070892482996,0.0033003301359713078,0.02855503000319004,0.020375950261950493,0.0035873153246939182
464,V,0.00263012177310884,0.0,0.46137872338294983,0.029069768264889717,0.0556478388607502,0.03017718717455864,0.0030454040970653296,0.014119600877165794,0.006506090983748436,0.11461794376373291,0.0,0.0416666679084301,0.0,0.023671096190810204,0.029485050588846207,0.016611294820904732,0.0218715388327837,0.08679401874542236,0.0,0.06270764023065567
465,Y,0.021804889664053917,0.0,0.004411393776535988,0.005671792197972536,0.05028989166021347,0.010713385418057442,0.0057978322729468346,0.035795312374830246,0.07373329997062683,0.382026731967926,0.046256616711616516,0.02697252295911312,0.0,0.023569447919726372,0.05281068757176399,0.03277035430073738,0.013612301088869572,0.04171918332576752,0.0,0.17204436659812927
466,T,0.06926137953996658,0.0,0.02200945094227791,0.08020392805337906,0.0,0.008455608040094376,0.012434717267751694,0.00957473274320364,0.1051977127790451,0.0825665220618248,0.0,0.047998011112213135,0.01765729859471321,0.0344441682100296,0.00795821938663721,0.08729171752929688,0.4043770134449005,0.01056951005011797,0.0,0.0
467,V,0.014410268515348434,0.044199563562870026,0.0008476628572680056,0.023613465949892998,0.02409784495830536,0.08985226601362228,0.0,0.18890772759914398,0.007386776618659496,0.07423105090856552,0.0,0.018648583441972733,0.0,0.012957132421433926,0.0050859772600233555,0.042504239827394485,0.24000968039035797,0.20949383080005646,0.0,0.0037539356853812933
468,E,0.06317464262247086,0.047267355024814606,0.03340529650449753,0.05703897401690483,0.0,0.28542211651802063,0.015566413290798664,0.02976934425532818,0.10896489024162292,0.02886035665869713,0.0,0.01783888228237629,0.036245882511138916,0.05953868851065636,0.038177479058504105,0.07408249378204346,0.03510964661836624,0.06953755021095276,0.0,0.0
469,K,0.017002150416374207,0.0,0.028630057349801064,0.08129763603210449,0.04563220590353012,0.007133085746318102,0.006742231547832489,0.014070744626224041,0.10230603814125061,0.03058432601392269,0.0025405511260032654,0.055989839136600494,0.019738128408789635,0.009380496107041836,0.0553058423101902,0.0530584342777729,0.18907563388347626,0.03752198442816734,0.0,0.24399061501026154
470,A,0.1687636822462082,0.021881837397813797,0.2375091165304184,0.014223194681107998,0.019784828647971153,0.015226112678647041,0.0009117432637140155,0.06929248571395874,0.040572576224803925,0.019328957423567772,0.01331145130097866,0.014314369298517704,0.0,0.019693654030561447,0.02835521474480629,0.04330780357122421,0.19976294040679932,0.0679248720407486,0.0,0.005835156887769699
471,D,0.0050444831140339375,0.0017426396952942014,0.35155463218688965,0.0706227645277977,0.00403558649122715,0.07346601784229279,0.014858296141028404,0.004677611868828535,0.025589287281036377,0.03934696689248085,0.0,0.09850499778985977,0.017976703122258186,0.005594790447503328,0.05090342089533806,0.1478492170572281,0.05741538852453232,0.005503072403371334,0.0,0.02531413361430168
472,N,0.1577012687921524,0.018199749290943146,0.17410793900489807,0.025013448670506477,0.0031378876883536577,0.02483414113521576,0.02187556028366089,0.01479289960116148,0.007082661148160696,0.023758292198181152,0.0009861933067440987,0.16433566808700562,0.019096288830041885,0.06948179751634598,0.027165142819285393,0.1583288460969925,0.07091626524925232,0.003496503457427025,0.014165322296321392,0.0015241169603541493
473,F,0.06603611260652542,0.003955287858843803,0.01229578722268343,0.2363714575767517,0.23525364696979523,0.002149613108485937,0.00180567498318851,0.02639724873006344,0.06362854689359665,0.040154773741960526,0.006706792861223221,0.02794496901333332,0.004041272681206465,0.1272570937871933,0.0,0.015133275650441647,0.09630266577005386,0.005417024716734886,0.0,0.029148753732442856
474,E,0.09432300180196762,0.0,0.049723755568265915,0.1200256198644638,0.007206341717392206,0.07262390851974487,0.020818321034312248,0.006886059883981943,0.07318440079689026,0.06669869273900986,0.0049643684178590775,0.028825366869568825,0.11217872053384781,0.053967490792274475,0.14540795981884003,0.09039954841136932,0.029546000063419342,0.02322043478488922,0.0,0.0
475,Y,0.011225511319935322,0.001287001301534474,0.18489918112754822,0.04082654044032097,0.01387101411819458,0.011297011747956276,0.019448019564151764,0.05484055355191231,0.07907907664775848,0.013156013563275337,0.0014300014590844512,0.04189904034137726,0.005362505558878183,0.0338195338845253,0.13055913150310516,0.01901901885867119,0.06263406574726105,0.05219505354762077,0.0,0.22315172851085663
476,H,0.10213976353406906,0.004460534080862999,0.05675867944955826,0.0295429565012455,0.00465447036549449,0.09541664272546768,0.06367573887109756,0.016807809472084045,0.08281078189611435,0.26970070600509644,0.003232270944863558,0.049583036452531815,0.009890749119222164,0.019328979775309563,0.02831469476222992,0.01467450987547636,0.08552589267492294,0.05578899756073952,0.0,0.007692805025726557
477,D,0.028491387143731117,0.010430946946144104,0.18489599227905273,0.06306252628564835,0.023842165246605873,0.00780830904841423,0.003457113867625594,0.06002264842391014,0.12767478823661804,0.05275078862905502,0.001609346130862832,0.043631162494421005,0.0060797519981861115,0.018954521045088768,0.01740477979183197,0.059128567576408386,0.1335161179304123,0.15723907947540283,0.0,0.0
478,P,0.12830102443695068,0.005983545444905758,0.015246533788740635,0.11489557474851608,0.0024164316710084677,0.028134169057011604,0.042345087975263596,0.005235602147877216,0.09464357793331146,0.019964328035712242,0.005178067833185196,0.02358897589147091,0.2222541868686676,0.028479374945163727,0.024049248546361923,0.11351475864648819,0.0954490527510643,0.02318623848259449,0.002301363507285714,0.004832863342016935
479,V,0.11809112876653671,0.0005931517807766795,0.03305473178625107,0.05532488599419594,0.0019951469730585814,0.06934483349323273,0.0029657590202987194,0.07700188457965851,0.037584252655506134,0.027878133580088615,0.000485306023620069,0.006902129855006933,0.2837422490119934,0.006848207209259272,0.006794284097850323,0.04901590570807457,0.03499595448374748,0.17233756184577942,0.0026422215159982443,0.012402264401316643
480,D,0.09443923830986023,0.0029604777228087187,0.1891251802444458,0.05230177193880081,0.0008881432586349547,0.05521290749311447,0.022450288757681847,0.07800858467817307,0.09735037386417389,0.12364928424358368,0.008881432935595512,0.044061776250600815,0.15794147551059723,0.004884788300842047,0.006957122590392828,0.013026101514697075,0.010855084285140038,0.019292445853352547,0.0,0.017713524401187897
481,G,0.07354192435741425,0.0009452689555473626,0.0251914169639349,0.04976841062307358,0.016589470207691193,0.32682672142982483,0.012193969450891018,0.098355233669281,0.043529633432626724,0.05898478254675865,0.0037810758221894503,0.008980054408311844,0.14254654943943024,0.012761130928993225,0.022970035672187805,0.04442764073610306,0.03729085996747017,0.00812931265681982,0.0,0.01318650133907795
482,S,0.04561198502779007,0.00040484010241925716,0.04435247927904129,0.07170167565345764,0.0060276188887655735,0.01970221847295761,0.0113355228677392,0.03076784685254097,0.030497953295707703,0.22338175773620605,0.01763303577899933,0.09135891497135162,0.016238585114479065,0.01911744847893715,0.031127704307436943,0.14857631921768188,0.09554225951433182,0.09153883904218674,0.0018442715518176556,0.0032387208193540573
483,V,0.019822822883725166,0.007543197833001614,0.044250503182411194,0.0031137620098888874,0.023638278245925903,0.05100429803133011,0.00627137953415513,0.10152617841959,0.008069467730820179,0.16516095399856567,0.011314797215163708,0.0255240760743618,0.010920094326138496,0.2410314828157425,0.008727304637432098,0.07231821864843369,0.023682132363319397,0.16897641122341156,0.0005701254121959209,0.006534514483064413
484,S,0.09233298897743225,0.0017307027010247111,0.19011768698692322,0.10951021313667297,0.004326756577938795,0.005192107986658812,0.005019037518650293,0.03461405262351036,0.06684838980436325,0.021590515971183777,0.0,0.0660695731639862,0.15316718816757202,0.010340948589146137,0.008177570067346096,0.1676185578107834,0.037469711154699326,0.022239528596401215,0.0,0.003634475637227297
485,K,0.17088796198368073,0.02167918160557747,0.052861567586660385,0.060328368097543716,0.010224428027868271,0.009333503432571888,0.014891180209815502,0.008272877894341946,0.18314878642559052,0.033685460686683655,0.00848500244319439,0.02927326038479805,0.05557676777243614,0.028255058452486992,0.036570362746715546,0.12472954392433167,0.11751728504896164,0.012642653658986092,0.0002545500756241381,0.021382207050919533
486,N,0.035946477204561234,0.001300281030125916,0.006375571712851524,0.01136697269976139,0.00792752020061016,0.010066691786050797,0.025250619277358055,0.40996602177619934,0.04039259999990463,0.043915942311286926,0.014177258126437664,0.050962626934051514,0.0,0.014261147007346153,0.003649175865575671,0.1551109403371811,0.10834277421236038,0.05515708401799202,0.0,0.005830292124301195
487,Q,0.019208284094929695,0.0,0.4781610071659088,0.05202939733862877,0.0010021714260801673,0.08326373994350433,0.007558042649179697,0.0010021714260801673,0.02037748508155346,0.0010021714260801673,0.0,0.11261900514364243,0.01018874254077673,0.19379489123821259,0.004259228240698576,0.00785034243017435,0.0025889426469802856,0.0004593285557348281,0.0,0.0046350425109267235
488,G,0.0594843327999115,0.0051401094533503056,0.043981097638607025,0.041991379112005234,0.000829049909953028,0.47715967893600464,0.000414524954976514,0.008414856158196926,0.026695407927036285,0.014135301113128662,0.12759077548980713,0.015047255903482437,0.0,0.018985243514180183,0.0041452497243881226,0.05902835354208946,0.0043110596016049385,0.09194163233041763,0.0,0.0007046924438327551
489,L,0.061997607350349426,0.006018384825438261,0.002473308937624097,0.02984459325671196,0.006966486573219299,0.0006595490267500281,0.0011129890335723758,0.24514612555503845,0.02976215071976185,0.36967724561691284,0.007090152241289616,0.0,0.0,0.0,0.0016076507745310664,0.006018384825438261,0.000700770819094032,0.20648007094860077,0.0002885526919271797,0.024155983701348305
490,R,0.025554504245519638,0.009711534716188908,0.004691164940595627,0.058763012290000916,0.002798238769173622,0.008559318259358406,0.00032920457306317985,0.051520515233278275,0.189045712351799,0.0123863210901618,0.017036335542798042,0.008312415331602097,0.0,0.014402699656784534,0.25953665375709534,0.0283115915954113,0.16036377847194672,0.14135220646858215,0.0,0.007324801292270422
491,L,0.09827346354722977,0.007896244525909424,0.0032321414910256863,0.00973733700811863,0.1367318481206894,0.005277800373733044,0.0009410032071173191,0.12032566964626312,0.12425333261489868,0.14438262581825256,0.02917109802365303,0.011373864486813545,0.0038867522962391376,0.005727845709770918,0.016201620921492577,0.024220604449510574,0.005195974372327328,0.1839865744113922,0.0051141479052603245,0.06407004594802856
492,I,0.023562023416161537,0.005666299723088741,0.06848477572202682,0.10036280751228333,0.03179650381207466,0.005870123393833637,0.03089967742562294,0.08038808405399323,0.11516040563583374,0.07080836594104767,0.013737719506025314,0.04422974959015846,0.00036688271211460233,0.03970486298203468,0.052545759826898575,0.08666585385799408,0.11430434882640839,0.05364640802145004,0.01740654744207859,0.04439280927181244
493,F,0.015056563541293144,0.014975177124142647,0.005045983474701643,0.007243427913635969,0.3157402276992798,0.021893057972192764,0.0222999919205904,0.010661674663424492,0.0008138683042488992,0.2495727241039276,0.02555546537041664,0.005290144123136997,0.0,0.003377553541213274,0.012981199659407139,0.02295108698308468,0.1011638343334198,0.03121184930205345,0.002197444438934326,0.13196875154972076
494,A,0.14045149087905884,0.012324588373303413,0.12202562391757965,0.171934112906456,0.003335367189720273,0.07911328226327896,0.0013422819320112467,0.002725238911807537,0.14460036158561707,0.0007728289347141981,0.00032540166284888983,0.03961765393614769,0.056579213589429855,0.050559282302856445,0.02135448530316353,0.09184461832046509,0.041895464062690735,0.004352247342467308,0.0,0.01484645064920187
495,D,0.00772816501557827,0.01418874692171812,0.2830798029899597,0.07871279120445251,0.031485117971897125,0.09989368915557861,0.04297513887286186,0.001267582643777132,0.052134446799755096,0.021794242784380913,0.01946352608501911,0.22755151987075806,0.002208047080785036,0.012962054461240768,0.014883873052895069,0.05528295785188675,0.022816486656665802,0.004784102085977793,0.0,0.006787700578570366
496,G,0.026073308661580086,0.0006075334385968745,0.07918185740709305,0.03194613382220268,0.002885783789679408,0.5858141183853149,0.009467395953834057,0.00030376671929843724,0.025212636217474937,0.010277439840137959,0.00025313891819678247,0.0982179045677185,0.0,0.008353584446012974,0.03068043664097786,0.03437626734375954,0.016099635511636734,0.014327662996947765,0.00025313891819678247,0.02566828764975071
497,S,0.1714463233947754,0.06305000185966492,0.03582151234149933,0.006574179511517286,0.005642406176775694,0.21203023195266724,0.019411947578191757,0.019463712349534035,0.022362563759088516,0.010870690457522869,0.002070607617497444,0.013355419971048832,0.0009317734511569142,0.0011905994033440948,0.006056527607142925,0.28998860716819763,0.021171964704990387,0.048762813210487366,0.04534630849957466,0.004451806657016277
498,R,0.002886061556637287,0.0,0.0,0.0,0.04556725174188614,0.0,0.0017478964291512966,0.021462542936205864,0.018535831943154335,0.00032519001979380846,0.00028454128187149763,0.0007316775736398995,0.0,0.0,0.5383520722389221,0.0027641153428703547,0.014633551239967346,0.07873663306236267,0.26913541555404663,0.0048372019082307816
499,I,0.1723647266626358,0.039839018136262894,0.0,0.0,0.1666327863931656,0.06788893789052963,0.000772389117628336,0.14894914627075195,0.0,0.0825643315911293,0.005203463602811098,0.0,0.0,0.0002032602933468297,0.0,0.08931257575750351,0.004268466029316187,0.20155291259288788,0.015894955024123192,0.004553030710667372
500,I,0.08609756082296371,0.005365853663533926,0.0,0.0,0.21516260504722595,0.0,0.05471544712781906,0.1336991935968399,0.00394308939576149,0.21719512343406677,0.01666666753590107,0.04158536717295647,0.0,0.0,0.002317073056474328,0.004878048785030842,0.11138211190700531,0.08394309133291245,0.02105691097676754,0.001991869881749153
501,F,0.09056895226240158,0.018260197713971138,0.0,0.00020334296277724206,0.09642522782087326,0.004148196429014206,0.0,0.1725568324327469,0.0,0.23091626167297363,0.05709870159626007,0.0,0.0,0.0,0.0,0.0,0.0026434585452079773,0.31245678663253784,0.00544959120452404,0.0092724384739995
502,R,0.00024400162510573864,0.00028466855292208493,0.0,0.001260675024241209,0.0,0.0,0.0,0.0023586824536323547,0.0,0.02513216808438301,0.0,0.0,0.0,0.0,0.9700284600257874,0.0,0.0,0.0,0.0,0.0006913379183970392
503,L,0.11281926184892654,0.0008947454043664038,0.0003660322108771652,0.0,0.017976248636841774,0.04717748612165451,0.0045957379043102264,0.01878965273499489,0.043679844588041306,0.10289572179317474,0.0099235400557518,0.0021555230487138033,0.5051651000976562,0.027696438133716583,0.0014641288435086608,0.02985196001827717,0.05584024637937546,0.01094029564410448,0.0,0.007768016774207354
504,S,0.001626677461899817,0.0,0.027490850538015366,0.0,0.0,0.0,0.0,0.0,0.0,0.00024400162510573864,0.0,0.0,0.0,0.0,0.0,0.9706384539604187,0.0,0.0,0.0,0.0
505,G,0.009759271517395973,0.0010165907442569733,0.0015045542968437076,0.0,0.0,0.7737882137298584,0.0,0.0043916720896959305,0.015004879795014858,0.011711125262081623,0.0,0.1294323354959488,0.007807416841387749,0.0039037084206938744,0.0010979180224239826,0.03680058568716049,0.000528627191670239,0.003253090428188443,0.0,0.0
506,T,0.0021959254518151283,0.0,0.006262453738600016,0.0039038672111928463,0.0010979627259075642,0.006221788469702005,0.020169980823993683,0.00012199585034977645,0.0,0.0,0.0,0.05619942396879196,0.0,0.0,0.0,0.015615468844771385,0.8834126591682434,0.0,0.0,0.004798503592610359
507,G,0.035919129848480225,0.0,0.007606882601976395,0.7551153302192688,0.0,0.09392669796943665,0.0,0.0,0.022413862869143486,0.0008949273615144193,0.0015864621382206678,0.010820485651493073,0.0,0.01582394354045391,0.0008135703392326832,0.03376317024230957,0.02050197310745716,0.0,0.0,0.0008135703392326832
508,S,0.04596485570073128,0.0,0.1592092365026474,0.013301334343850613,0.0,0.003091441700235009,0.018630003556609154,0.0006508298101834953,0.006345590576529503,0.002033843193203211,0.0,0.06121867895126343,0.5735437870025635,0.004474455025047064,0.0005287991953082383,0.0856247991323471,0.024568825960159302,0.0008135372772812843,0.0,0.0
509,A,0.1579853594303131,0.0,0.0,0.1381833851337433,0.0,0.0,0.004304778296500444,0.0,0.050365906208753586,0.0,0.08308222144842148,0.0,0.0,0.034438226372003555,0.0038743005134165287,0.30908307433128357,0.07748600840568542,0.14119672775268555,0.0,0.0
510,G,0.0,0.0,0.0,0.0,0.0,0.7966161370277405,0.0,0.0,0.0,0.0,0.0,0.14980612695217133,0.0,0.0,0.022559041157364845,0.031018681824207306,0.0,0.0,0.0,0.0
511,A,0.7475317120552063,0.0,0.0,0.0,0.0,0.0,0.0,0.0,0.0,0.1808885782957077,0.0,0.0,0.0,0.0,0.0,0.006346967536956072,0.062411848455667496,0.0028208745643496513,0.0,0.0
512,T,0.03286690637469292,0.00719980476424098,0.0,0.038805726915597916,0.003701594425365329,0.0,0.0018304588738828897,0.09644484519958496,0.26960626244544983,0.17438171803951263,0.004230393562465906,0.012040351517498493,0.0,0.0009762446861714125,0.0,0.015050439164042473,0.11503417044878006,0.220183864235878,0.0,0.007647250313311815
513,I,0.025097625330090523,0.013748779892921448,0.0,0.0,0.03949723392724991,0.0,0.0,0.28746339678764343,0.0,0.2900260388851166,0.012894565239548683,0.0002847380528692156,0.0,0.0,0.0,0.0,0.012569150887429714,0.2732264995574951,0.0,0.04519199579954147
514,R,0.009807512164115906,0.0,0.0,0.0,0.0,0.0,0.018923208117485046,0.009075000882148743,0.30256786942481995,0.0,0.0,0.0013836324214935303,0.008179709315299988,0.0,0.5818174481391907,0.0003255605697631836,0.0037032514810562134,0.06173442304134369,0.0,0.002482399344444275
515,L,0.019456995651125908,0.06724467873573303,0.0,0.0,0.0595107264816761,0.0,0.0,0.26417553424835205,0.0,0.19005168974399567,0.008832987397909164,0.0005291651468724012,0.0,0.0,0.0,0.002808645833283663,0.003500630846247077,0.31908658146858215,0.003256400814279914,0.061545975506305695
516,Y,0.02019132860004902,0.0005292082205414772,0.0,0.000651333190035075,0.008833706378936768,0.0,0.0,0.006391207221895456,0.0016283330041915178,0.016812538728117943,0.08911052346229553,0.05902707204222679,0.0,0.0024017912801355124,0.05222878232598305,0.007205373607575893,0.005902707111090422,0.02727457694709301,0.003338082693517208,0.6984734535217285
517,I,0.3565199673175812,0.030847596004605293,4.074979733559303e-05,4.074979733559303e-05,0.0682966560125351,0.04519152268767357,0.00036674816510640085,0.10888345539569855,0.00024449877673760056,0.08378157764673233,0.020945394411683083,4.074979733559303e-05,4.074979733559303e-05,4.074979733559303e-05,0.0009779951069504023,0.03202933818101883,0.055908720940351486,0.17522412538528442,4.074979733559303e-05,0.02053789794445038
518,D,0.006481066346168518,0.0005706599331460893,0.06676720827817917,0.848285973072052,0.0032201523426920176,0.008885989896953106,0.00052989850519225,0.0035054823383688927,0.0,0.0,0.0005706599331460893,0.01365507673472166,0.0,0.013125178404152393,0.0,0.018220355734229088,0.0,0.012554517947137356,0.0,0.0036277666222304106
519,S,0.3154739737510681,0.021662740036845207,0.0004960932419635355,0.0004960932419635355,0.0070693292655050755,0.10901649296283722,0.011492826975882053,0.019595684483647346,0.017445946112275124,0.05779486522078514,0.024970028549432755,0.0035553351044654846,0.0,0.020629212260246277,0.01496548019349575,0.260366290807724,0.04725288227200508,0.06726197898387909,0.0,0.0004547521530184895
520,Y,0.04388336464762688,0.07037977129220963,0.12000332772731781,0.08181855827569962,0.07362422347068787,0.020090678706765175,0.01572313904762268,0.02466619573533535,0.08057069033384323,0.02487417310476303,0.017802920192480087,0.02716193161904812,0.058317042887210846,0.032153405249118805,0.05794268101453781,0.05436545982956886,0.03177904337644577,0.07886527478694916,0.0,0.08597812056541443
521,E,0.09631787240505219,0.012315373867750168,0.10239234566688538,0.12436030805110931,0.0023715414572507143,0.09169960767030716,0.0071562305092811584,0.021718326956033707,0.022508841007947922,0.017599334940314293,0.012190555222332478,0.04738922417163849,0.0003744539280887693,0.011608071625232697,0.009236530400812626,0.15223632752895355,0.2327023148536682,0.0260869562625885,0.0,0.009735802188515663
522,K,0.07364033907651901,0.001416961895301938,0.08385080099105835,0.11689935624599457,0.0027088976930826902,0.042175453156232834,0.05067722499370575,0.007793290074914694,0.09422796219587326,0.04030006378889084,0.014377995394170284,0.02463013119995594,0.09531152248382568,0.1474890559911728,0.035715773701667786,0.09664513170719147,0.04600958526134491,0.02304646745324135,0.000416753493482247,0.0026672224048525095
523,D,0.07873716205358505,0.0013101728400215507,0.1297493726015091,0.23870503902435303,0.006381809711456299,0.02104729227721691,0.009298000484704971,0.039981402456760406,0.05714044347405434,0.029753603041172028,0.010227801278233528,0.03951650485396385,0.09395207464694977,0.04167195037007332,0.011326655745506287,0.07725793868303299,0.061958495527505875,0.041122522205114365,0.0,0.010861755348742008
524,N,0.10298679023981094,0.0,0.05807876959443092,0.10749033093452454,0.013680588454008102,0.10226451605558395,0.00896460935473442,0.04023452475667,0.0718868151307106,0.07175935804843903,0.005395759828388691,0.08310320228338242,0.05688915401697159,0.06908272206783295,0.06950758397579193,0.05956578999757767,0.03228958696126938,0.03415898233652115,0.005948081612586975,0.006712835282087326
525,A,0.24141080677509308,0.0316169448196888,0.035357050597667694,0.0851091593503952,0.0020440113730728626,0.027789859101176262,0.07267113029956818,0.026137253269553185,0.026485169306397438,0.10624510794878006,0.03340001776814461,0.029703401029109955,0.010654953308403492,0.03353048488497734,0.019526833668351173,0.055797163397073746,0.05249195545911789,0.10955031961202621,0.000478385656606406,0.0
526,K,0.03856028616428375,0.0004443566722329706,0.20524340867996216,0.13162831962108612,0.001086205244064331,0.02202034182846546,0.029771896079182625,0.005924755707383156,0.1522168517112732,0.05821072310209274,0.031253084540367126,0.055396463721990585,0.00039498371188528836,0.0984496921300888,0.07010960578918457,0.048237383365631104,0.017922386527061462,0.03130245953798294,0.00024686483084224164,0.0015799348475411534
527,I,0.20769567787647247,0.05888354405760765,0.07200116664171219,0.11893309652805328,0.0068503133952617645,0.0016761404694989324,0.04693193361163139,0.08315114676952362,0.04299664869904518,0.07331293076276779,0.012534615583717823,0.012461740523576736,0.00174901622813195,0.03133653849363327,0.03840548172593117,0.11120827496051788,0.023830344900488853,0.027619879692792892,0.0,0.028421513736248016
528,N,0.15737590193748474,0.0,0.0436568483710289,0.0959981232881546,0.011031568981707096,0.03814106434583664,0.015491139143705368,0.012557211332023144,0.05116770416498184,0.15080389380455017,0.0022297853138297796,0.06302077323198318,0.012322497554123402,0.1292101889848709,0.03544184938073158,0.02675742283463478,0.049642059952020645,0.05715291574597359,0.02241520956158638,0.02558385208249092
529,Q,0.19212305545806885,0.0012736357748508453,0.050553541630506516,0.17174488306045532,0.023905163630843163,0.012442441657185555,0.036935437470674515,0.00803370214998722,0.14450867474079132,0.053884588181972504,0.00803370214998722,0.042421866208314896,0.0,0.1116880550980568,0.06260409206151962,0.026452435180544853,0.03556383028626442,0.01636132039129734,0.0,0.0014695797581225634
530,D,0.0481472909450531,0.0,0.12649255990982056,0.11093135923147202,0.015098990872502327,0.008782066404819489,0.02234034426510334,0.03073723055422306,0.1840382069349289,0.10646329075098038,0.010476850904524326,0.06964024156332016,0.010862029157578945,0.07718973606824875,0.08497034013271332,0.03666897863149643,0.04552808031439781,0.00932131614536047,0.0,0.0023110699839890003
531,P,0.11812114715576172,0.004092683549970388,0.0,0.00994836911559105,0.031985897570848465,0.00037778617115691304,0.001322251628153026,0.13109180331230164,0.0011333585716784,0.36147841811180115,0.019707845523953438,0.000692608009558171,0.046089913696050644,0.004848255775868893,0.004344541113823652,0.03456743434071541,0.07335348427295685,0.12958066165447235,0.0017000377411022782,0.02556353062391281
532,Q,0.19050928950309753,0.009035764262080193,0.08656641095876694,0.09825603663921356,0.024832554161548615,0.019840767607092857,0.007835207507014275,0.0005686844233423471,0.09307468682527542,0.03456337749958038,0.01206874754279852,0.020093517377972603,0.00037912296829745173,0.26102617383003235,0.0319095142185688,0.06615695357322693,0.036774925887584686,0.005434095859527588,0.0,0.0010741817532107234
533,V,0.125655397772789,0.0027722534723579884,0.0706321969628334,0.24877960979938507,0.0,0.024950280785560608,0.018923642113804817,0.01934550702571869,0.14451877772808075,0.009401555173099041,0.0012655939208343625,0.09925872087478638,0.0,0.06213463470339775,0.02748146839439869,0.039956606924533844,0.05978424474596977,0.03507503122091293,0.0,0.010064485482871532
534,M,0.14756037294864655,0.0017425939440727234,0.010828976519405842,0.12173263728618622,0.0960916131734848,0.010642270557582378,0.003920836374163628,0.15907393395900726,0.011949216015636921,0.08109285682439804,0.037216827273368835,0.0002489420003257692,0.0,0.012696041725575924,0.03715459257364273,0.02514314092695713,0.029312919825315475,0.11743838340044022,0.0017425939440727234,0.09441125392913818
535,L,0.06794710457324982,0.024244332686066628,0.0008186398190446198,0.036397986114025116,0.0323047861456871,0.005478589329868555,0.010201510973274708,0.13696473836898804,0.016750629991292953,0.38847607374191284,0.029534004628658295,0.017380353063344955,0.0008186398190446198,0.016750629991292953,0.012657430954277515,0.01580604538321495,0.020214105024933815,0.15214106440544128,0.007178841158747673,0.007934508845210075
536,A,0.21056543290615082,0.0010133080650120974,0.18185502290725708,0.09207592904567719,0.0016888468526303768,0.030534351244568825,0.011484158225357533,0.0018915084656327963,0.1749645322561264,0.0034452476538717747,0.0002026616275543347,0.04890900477766991,0.0,0.07275552302598953,0.04816591367125511,0.036681752651929855,0.023306086659431458,0.06046071648597717,0.0,0.0
537,P,0.09608262032270432,0.0,0.1399572640657425,0.1675925999879837,0.005056980066001415,0.0027065526228398085,0.020299145951867104,0.0,0.15448717772960663,0.003418803447857499,0.013746438547968864,0.12286324799060822,0.09337607026100159,0.0743589773774147,0.06203703582286835,0.01745014265179634,0.023361822590231895,0.00028490027762018144,0.0,0.002920227823778987
538,L,0.07862997055053711,0.006030616816133261,0.0022421525791287422,0.06564094871282578,0.051646821200847626,0.0010824184864759445,0.0015463120071217418,0.18486160039901733,0.002474099164828658,0.3721199929714203,0.030771609395742416,0.002860677195712924,0.0,0.003633833257481456,0.00030926239560358226,0.00038657800178043544,0.0038657800760120153,0.17403742671012878,0.0020102057605981827,0.015849698334932327
539,I,0.053216222673654556,0.007749935612082481,0.010161026380956173,0.0006027727504260838,0.004563850816339254,0.0,0.0006027727504260838,0.3985188901424408,0.007405493874102831,0.05838284641504288,0.04451907426118851,0.008611039258539677,0.0,0.043399639427661896,0.029621975496411324,0.006286058574914932,0.040213555097579956,0.28614482283592224,0.0,0.0
540,S,0.16591043770313263,0.0,0.22696784138679504,0.14578811824321747,0.0,0.012428486719727516,0.005425133276730776,0.0,0.15091733634471893,0.004241467919200659,0.0,0.06549615412950516,0.005129216704517603,0.061550602316856384,0.02347603067755699,0.07397908717393875,0.03501676768064499,0.02367330901324749,0.0,0.0
541,I,0.19691306352615356,0.008320270106196404,0.011214276775717735,0.06378873437643051,0.045339442789554596,0.0007235017255879939,0.010129024274647236,0.14373567700386047,0.07235017418861389,0.11817195266485214,0.02906065434217453,0.002532256068661809,0.0,0.009887857362627983,0.003376341424882412,0.014108284376561642,0.027251899242401123,0.23839382827281952,0.0015675871400162578,0.0031351742800325155
542,A,0.3179292678833008,0.0,0.0,0.0,0.11695351451635361,0.019921397790312767,0.0,0.16723133623600006,0.0,0.12318742275238037,0.03252473101019859,0.0,0.0,0.0,0.0,0.0017617563717067242,0.017211005091667175,0.20327956974506378,0.0,0.0
543,L,0.0017504376592114568,0.0,0.0627656877040863,0.1650412529706955,0.0027506877668201923,0.006501625292003155,0.009002250619232655,0.00725181307643652,0.019754938781261444,0.6039009690284729,0.002500625094398856,0.05426356568932533,0.0,0.012503125704824924,0.00975243840366602,0.009252313524484634,0.013503375463187695,0.01100275106728077,0.0,0.00850212574005127
544,K,0.14591439068317413,0.0,0.04701686277985573,0.22859922051429749,0.0,0.006809338461607695,0.01848248951137066,0.0,0.28631648421287537,0.0,0.0,0.07587548345327377,0.0,0.10862515866756439,0.0,0.06517509371042252,0.01426718570291996,0.0,0.0,0.002918287878856063
545,V,0.004322766792029142,0.0,0.0,0.0,0.1005043238401413,0.0,0.0,0.20533141493797302,0.013688760809600353,0.3202449679374695,0.010086455382406712,0.12139769643545151,0.0,0.00828530266880989,0.0,0.0,0.008645533584058285,0.20353025197982788,0.0,0.003962535876780748
546,S,0.08547322452068329,0.07006602734327316,0.0003668378631118685,0.0003668378631118685,0.0003668378631118685,0.0033015406224876642,0.0003668378631118685,0.013939838856458664,0.002934702904894948,0.11628760397434235,0.0003668378631118685,0.003668378572911024,0.0003668378631118685,0.12362435460090637,0.0003668378631118685,0.5542920231819153,0.01614086516201496,0.006969919428229332,0.0003668378631118685,0.0003668378631118685
547,Q,0.002954209689050913,0.0,0.09416543692350388,0.04320531710982323,0.0,0.04172821342945099,0.0,0.0,0.2854505181312561,0.0,0.0,0.08234860002994537,0.0,0.27215656638145447,0.17614474892616272,0.0018463811138644814,0.0,0.0,0.0,0.0
548,L,0.0,0.0,0.0,0.0,0.08284023404121399,0.0,0.0,0.45308536291122437,0.0,0.2836010158061981,0.15934066474437714,0.0,0.0,0.0,0.0,0.0,0.0,0.021132713183760643,0.0,0.0
549,Q,0.038922157138586044,0.0,0.005988024175167084,0.10778442770242691,0.0,0.0034217280335724354,0.12660393118858337,0.0,0.26903337240219116,0.0,0.0,0.017536355182528496,0.06159110367298126,0.1432848572731018,0.04405474662780762,0.1492728888988495,0.032506417483091354,0.0,0.0,0.0
550,E,0.038167938590049744,0.0,0.04325699806213379,0.4872773587703705,0.0,0.042832911014556885,0.017387617379426956,0.0,0.15860898792743683,0.0,0.0,0.01229855790734291,0.0,0.10178116708993912,0.00890585221350193,0.06022052466869354,0.02671755664050579,0.0025445292703807354,0.0,0.0
551,R,0.005627705715596676,0.002597402548417449,0.0,0.0,0.3095238208770752,0.0,0.032034631818532944,0.029004329815506935,0.025108225643634796,0.190476194024086,0.0,0.0021645021624863148,0.0,0.0,0.2632034718990326,0.010822511278092861,0.007792207878082991,0.00909090880304575,0.0,0.11255411058664322
552,T,0.0,0.0,0.0,0.0,0.0043271309696137905,0.0,0.0,0.0869753360748291,0.0,0.05538727715611458,0.0060579837299883366,0.0,0.0,0.0,0.0,0.01557767204940319,0.8091735243797302,0.022501081228256226,0.0,0.0
553,G,0.0030381944961845875,0.0,0.0,0.0,0.0,0.9270833134651184,0.0,0.0,0.00390625,0.0,0.0,0.02734375,0.0,0.02083333395421505,0.0047743055038154125,0.0069444444961845875,0.006076388992369175,0.0,0.0,0.0
554,R,0.0,0.003884333185851574,0.003021148033440113,0.006042296066880226,0.0025895554572343826,0.0,0.0,0.0,0.015105740167200565,0.004747518338263035,0.06991799920797348,0.0,0.0,0.0025895554572343826,0.7889512181282043,0.004315925762057304,0.09883470088243484,0.0,0.0,0.0
555,T,0.007384882774204016,0.0,0.20330147445201874,0.19939182698726654,0.0,0.0,0.0,0.0,0.13466550409793854,0.0,0.0,0.13553431630134583,0.007819287478923798,0.012597741559147835,0.04821893945336342,0.12380538880825043,0.12728062272071838,0.0,0.0,0.0
556,A,0.35595446825027466,0.0,0.01313485112041235,0.21059544384479523,0.0,0.139229416847229,0.0,0.0,0.07968476414680481,0.0,0.0,0.0,0.0,0.024956217035651207,0.04334500804543495,0.02101576142013073,0.10420314967632294,0.00788091029971838,0.0,0.0
557,P,0.0,0.0,0.0,0.0,0.0,0.0,0.0,0.0,0.0,0.0,0.0,0.0,1.0,0.0,0.0,0.0,0.0,0.0,0.0,0.0
558,T,0.0,0.0,0.09377738833427429,0.0,0.0,0.0,0.0,0.0,0.0,0.0,0.0,0.03111305832862854,0.0,0.0,0.0,0.06091148033738136,0.8141980767250061,0.0,0.0,0.0
559,V,0.0,0.0030661411583423615,0.0,0.0,0.0,0.0,0.0,0.02452912926673889,0.0,0.0,0.0,0.0,0.0,0.0,0.0,0.0,0.0,0.9724047183990479,0.0,0.0
560,I,0.0,0.0,0.0,0.0,0.0,0.0,0.0,0.8514285683631897,0.02857142873108387,0.0,0.011428571306169033,0.0,0.0,0.0,0.06549450755119324,0.0,0.0,0.04307692125439644,0.0,0.0
561,T,0.0,0.0,0.0,0.0,0.0,0.0,0.0,0.0,0.0,0.0,0.0,0.0,0.0,0.0,0.0,0.0,1.0,0.0,0.0,0.0
